0 5.76777 -46.5 0
0 5.73095 -46.5 9
0 5.76777 -46.5 18
0 5.76163 -46.5 28
0 5.73709 -46.5 39
0 5.76163 -46.5 48
0 5.74936 -46.5 57
0 5.78004 -46.5 67
0 5.76163 -46.5 76
0 5.76777 -46.5 86
0 5.78618 -46.5 97
0 5.73709 -46.5 106
0 5.78004 -46.5 117
0 5.79231 -46.5 126
0 5.78618 -46.5 135
0 5.76163 -46.5 146
0 5.75550 -46.5 156
0 5.76163 -46.5 166
0 5.76163 -46.5 175
0 5.78618 -46.5 185
0 5.75550 -46.5 194
0 5.76777 -46.5 204
0 5.78004 -46.5 213
0 5.74936 -46.5 222
0 5.78004 -46.5 231
0 5.78004 -46.5 240
0 5.74936 -46.5 249
0 5.75550 -46.5 258
0 5.79845 -46.5 270
0 5.78004 -46.5 279
0 5.74936 -46.5 288
0 5.78004 -46.5 299
0 5.76163 -46.5 308
0 5.77390 -46.5 317
0 5.75550 -46.5 326
0 5.78618 -46.5 335
0 5.79231 -46.5 347
0 5.76163 -46.5 357
0 5.78004 -47.0 365
0 5.77390 -46.5 375
0 5.78618 -46.5 385
0 5.74936 -46.5 396
0 5.79231 -46.5 405
0 5.78004 -46.5 415
0 5.76163 -46.5 424
0 5.74322 -46.5 433
0 5.74322 -46.5 442
0 5.74936 -46.5 454
0 5.76163 -46.5 463
0 5.77390 -46.5 472
0 5.78618 -46.5 482
0 5.76777 -46.5 491
0 5.78004 -47.0 500
0 5.79231 -46.5 509
0 5.77390 -46.5 519
0 5.80458 -46.5 528
0 5.76777 -46.5 539
0 5.79845 -46.5 548
0 5.79845 -46.5 558
0 5.82299 -46.5 567
0 5.80458 -46.5 576
0 5.78618 -46.5 584
0 5.76163 -46.5 594
0 5.78618 -46.5 603
0 5.81072 -47.0 614
0 5.79231 -46.5 623
0 5.79845 -46.5 632
0 5.79231 -46.5 643
0 5.82299 -46.5 654
0 5.79845 -46.5 664
0 5.78618 -46.5 673
0 5.76777 -46.5 682
0 5.79845 -46.5 692
0 5.74936 -46.5 703
0 5.84140 -46.5 712
0 5.78618 -46.5 723
0 5.77390 -46.5 733
0 5.78618 -46.5 742
0 5.74322 -46.5 754
0 5.77390 -46.5 763
0 5.79845 -46.5 773
0 5.79845 -46.5 781
0 5.80458 -46.5 792
0 5.79231 -46.5 801
0 5.78618 -47.0 810
0 5.80458 -46.5 819
0 5.77390 -46.5 828
0 5.79231 -46.5 837
0 5.77390 -46.5 846
0 5.76777 -46.5 861
0 5.74322 -46.5 870
0 5.79845 -46.5 880
0 5.82913 -46.5 889
0 5.78004 -46.5 898
0 5.74936 -46.5 907
0 5.78004 -46.5 918
0 5.79231 -46.5 927
0 5.77390 -46.5 936
0 5.73095 -46.5 946
0 5.79845 -46.5 955
0 5.79231 -46.5 965
0 5.78004 -46.5 975
0 5.76163 -46.5 983
0 5.74936 -46.5 994
0 5.75550 -46.5 1005
0 5.78618 -46.5 1018
0 5.79845 -46.5 1028
0 5.80458 -46.5 1037
0 5.78618 -46.5 1046
0 5.76163 -46.5 1056
0 5.75550 -46.5 1066
0 5.78004 -46.5 1077
0 5.79231 -46.5 1086
0 5.75550 -46.5 1097
0 5.76777 -46.5 1106
0 5.78004 -46.5 1115
0 5.78618 -46.5 1124
0 5.78004 -46.5 1135
0 5.76777 -46.5 1144
0 5.78004 -46.5 1154
0 5.76163 -46.5 1163
0 5.78004 -46.5 1172
0 5.79845 -46.5 1181
0 5.79845 -46.5 1191
0 5.74936 -46.5 1200
0 5.78618 -46.5 1209
0 5.78004 -46.5 1220
0 5.78618 -46.5 1230
0 5.73709 -46.5 1239
0 5.77390 -46.5 1248
0 5.80458 -46.5 1257
0 5.79845 -46.5 1266
0 5.78618 -46.5 1275
0 5.78618 -46.5 1286
0 5.77390 -46.5 1297
0 5.79231 -46.5 1306
0 5.79231 -46.5 1315
0 5.76777 -46.5 1325
0 5.78004 -46.5 1333
0 5.79231 -46.5 1344
0 5.79231 -47.0 1353
0 5.79231 -46.5 1363
0 5.76163 -46.5 1373
0 5.75550 -46.5 1382
0 5.76777 -46.5 1391
0 5.78004 -46.5 1400
0 5.78004 -46.5 1409
0 5.77390 -46.5 1420
0 5.79845 -46.5 1429
0 5.81686 -46.5 1438
0 5.77390 -46.5 1448
0 5.75550 -46.5 1458
0 5.75550 -46.5 1467
0 5.78618 -46.5 1476
0 5.76163 -46.5 1485
0 5.77390 -46.5 1494
0 5.79231 -46.5 1503
0 5.77390 -46.5 1513
0 5.78618 -46.5 1522
0 5.78004 -46.5 1533
0 5.79231 -46.5 1543
0 5.82913 -46.5 1552
0 5.76777 -46.5 1561
0 5.78004 -46.5 1570
0 5.77390 -46.5 1579
0 5.76777 -46.5 1590
0 5.74936 -46.5 1600
0 5.75550 -46.5 1609
0 5.81072 -46.5 1619
0 5.79845 -46.5 1628
0 5.80458 -46.5 1638
0 5.76777 -46.5 1647
0 5.79845 -46.5 1658
0 5.76163 -46.5 1667
0 5.75550 -46.5 1677
0 5.76163 -46.5 1687
0 5.75550 -46.5 1696
0 5.74936 -46.5 1706
0 5.76777 -46.5 1717
0 5.76777 -46.5 1726
0 5.76777 -46.5 1735
0 5.75550 -46.5 1745
0 5.76163 -46.5 1754
0 5.78618 -46.5 1764
0 5.78004 -46.5 1774
0 5.80458 -46.5 1783
0 5.74936 -46.5 1793
0 5.78004 -46.5 1804
0 5.79231 -46.5 1814
0 5.74936 -46.5 1823
0 5.77390 -46.5 1832
0 5.77390 -46.5 1842
0 5.78004 -46.5 1852
0 5.77390 -46.5 1861
0 5.76163 -46.5 1872
0 5.78618 -46.5 1881
0 5.73095 -46.5 1899
0 5.74936 -46.5 1908
0 5.74322 -46.5 1918
0 5.74322 -46.5 1927
0 5.73095 -46.5 1936
0 5.74322 -46.5 1946
0 5.71868 -47.0 1955
0 5.73095 -46.5 1965
0 5.75550 -46.5 1975
0 5.76163 -46.5 1984
0 5.71254 -46.5 1996
0 5.73709 -46.5 2005
0 5.74322 -47.0 2014
0 5.77390 -46.5 2023
0 5.74936 -46.5 2033
0 5.75550 -46.5 2042
0 5.73709 -46.5 2051
0 5.74936 -46.5 2060
0 5.73709 -46.5 2069
0 5.71868 -46.5 2078
0 5.74322 -46.5 2088
0 5.75550 -47.0 2097
0 5.74936 -46.5 2107
0 5.71254 -46.5 2117
0 5.73095 -46.5 2128
0 5.71254 -46.5 2137
0 5.74322 -46.5 2146
0 5.71868 -46.5 2155
0 5.74936 -46.5 2166
0 5.75550 -47.0 2178
0 5.72482 -47.0 2189
0 5.72482 -46.5 2199
0 5.74936 -47.0 2208
0 5.71868 -46.5 2219
0 5.76777 -46.5 2229
0 5.73095 -46.5 2239
0 5.73709 -46.5 2248
0 5.72482 -46.5 2257
0 5.72482 -46.5 2268
0 5.74322 -46.5 2278
0 5.73095 -46.5 2287
0 5.71868 -46.5 2300
0 5.74936 -46.5 2308
0 5.75550 -46.5 2318
0 5.74322 -46.5 2328
0 5.71254 -46.5 2340
0 5.74322 -46.5 2349
0 5.73095 -46.5 2359
0 5.71254 -47.0 2368
0 5.72482 -47.0 2377
0 5.72482 -46.5 2386
0 5.74322 -47.0 2397
0 5.70027 -47.0 2406
0 5.72482 -46.5 2415
0 5.76163 -46.5 2424
0 5.69414 -46.5 2433
0 5.73095 -46.5 2442
0 5.71254 -47.0 2452
0 5.72482 -46.5 2461
0 5.76163 -46.5 2470
0 5.71254 -46.5 2480
0 5.73709 -46.5 2489
0 5.71868 -46.5 2501
0 5.69414 -46.5 2512
0 5.74322 -46.5 2521
0 5.70641 -46.5 2530
0 5.74936 -47.0 2539
0 5.70641 -47.0 2550
0 5.70027 -46.5 2560
0 5.74936 -46.5 2570
0 5.71254 -46.5 2579
0 5.73709 -46.5 2588
0 5.73709 -47.0 2600
0 5.74936 -47.0 2608
0 5.73709 -46.5 2619
0 5.71254 -47.0 2628
0 5.73095 -46.5 2637
0 5.76163 -47.0 2646
0 5.72482 -46.5 2657
0 5.71254 -46.5 2667
0 5.71868 -46.5 2676
0 5.69414 -46.5 2684
0 5.71254 -46.5 2694
0 5.72482 -46.5 2703
0 5.73095 -46.5 2714
0 5.70027 -46.5 2723
0 5.75550 -47.0 2732
0 5.72482 -46.5 2741
0 5.72482 -47.0 2751
0 5.74322 -46.5 2760
0 5.71868 -46.5 2769
0 5.73709 -46.5 2778
0 5.70641 -47.0 2787
0 5.70027 -46.5 2796
0 5.71868 -46.5 2806
0 5.74322 -46.5 2815
0 5.74936 -46.5 2824
0 5.73095 -46.5 2833
0 5.74322 -46.5 2843
0 5.67573 -46.5 2853
0 5.73095 -46.5 2863
0 5.72482 -46.5 2872
0 5.71254 -47.0 2882
0 5.70027 -46.5 2893
0 5.74322 -46.5 2904
0 5.72482 -46.5 2913
0 5.70641 -46.5 2923
0 5.70027 -46.5 2933
0 5.72482 -46.5 2942
0 5.73095 -46.5 2951
0 5.72482 -46.5 2960
0 5.71868 -47.0 2970
0 5.71868 -47.0 2979
0 5.70027 -46.5 2988
0 5.72482 -46.5 3001
0 5.69414 -46.5 3010
0 5.72482 -46.5 3019
0 5.72482 -46.5 3028
0 5.74322 -46.5 3037
0 5.73095 -46.5 3047
0 5.72482 -46.5 3056
0 5.73709 -46.5 3065
0 5.73709 -46.5 3075
0 5.73709 -46.5 3084
0 5.72482 -46.5 3093
0 5.73709 -46.5 3102
0 5.73709 -46.5 3111
0 5.69414 -46.5 3120
0 5.71254 -46.5 3130
0 5.68800 -47.0 3139
0 5.74322 -46.5 3148
0 5.73709 -47.0 3157
0 5.73709 -46.5 3166
0 5.73095 -46.5 3176
0 5.75550 -46.5 3187
0 5.73095 -46.5 3196
0 5.71868 -46.5 3206
0 5.73095 -46.5 3215
0 5.72482 -46.5 3224
0 5.71254 -47.0 3235
0 5.74322 -46.5 3245
0 5.73709 -46.5 3256
0 5.72482 -46.5 3265
0 5.74322 -46.5 3275
0 5.70641 -46.5 3286
0 5.74322 -46.5 3296
0 5.73095 -47.0 3305
0 5.74322 -46.5 3314
0 5.71868 -46.5 3325
0 5.73095 -47.0 3335
0 5.74322 -47.0 3343
0 5.74322 -46.5 3354
0 5.73095 -46.5 3363
0 5.69414 -46.5 3373
0 5.70641 -46.5 3384
0 5.72482 -46.5 3397
0 5.74322 -46.5 3406
0 5.72482 -46.5 3415
0 5.74322 -46.5 3424
0 5.74322 -46.5 3433
0 5.74936 -46.5 3443
0 5.74936 -47.0 3452
0 5.74322 -46.5 3461
0 5.70641 -47.0 3470
0 5.75550 -46.5 3479
0 5.72482 -46.5 3490
0 5.70641 -46.5 3499
0 5.70027 -46.5 3508
0 5.74322 -46.5 3517
0 5.68800 -46.5 3526
0 5.73709 -46.5 3536
0 5.73095 -46.5 3545
0 5.74322 -47.0 3554
0 5.74322 -46.5 3565
0 5.76163 -46.5 3574
0 5.73709 -46.5 3585
0 5.71868 -46.5 3595
0 5.71254 -46.5 3604
0 5.70641 -46.5 3613
0 5.72482 -46.5 3622
0 5.71254 -46.5 3631
0 5.73709 -46.5 3641
0 5.73095 -46.5 3649
0 5.71868 -46.5 3659
0 5.71254 -46.5 3672
0 5.71868 -46.5 3681
0 5.74322 -46.5 3690
0 5.73709 -46.5 3699
0 5.76777 -46.5 3708
0 5.73095 -46.5 3718
0 5.70641 -46.5 3727
0 5.74322 -46.5 3736
0 5.74322 -46.5 3745
0 5.73095 -46.5 3754
0 5.71254 -46.5 3765
0 5.70641 -46.5 3774
0 5.73095 -46.5 3783
0 5.72482 -46.5 3798
0 5.70027 -46.5 3807
0 5.68800 -46.5 3816
0 5.71254 -47.0 3827
0 5.73095 -46.5 3836
0 5.73095 -46.5 3845
0 5.75550 -46.5 3855
0 5.75550 -46.5 3865
0 5.72482 -46.5 3876
0 5.73095 -46.5 3885
0 5.71868 -46.5 3895
0 5.73709 -46.5 3903
0 5.73095 -46.5 3913
0 5.71254 -46.5 3923
0 5.74322 -46.5 3934
0 5.74322 -46.5 3943
0 5.71254 -46.5 3953
0 5.72482 -46.5 3962
0 5.70641 -46.5 3971
0 5.72482 -46.5 3980
0 5.73095 -46.5 3990
0 5.70641 -46.5 4001
0 5.68186 -46.5 4010
0 5.72482 -46.5 4021
0 5.73709 -46.5 4031
0 5.73095 -46.5 4040
0 5.71868 -46.5 4049
0 5.70027 -46.5 4060
0 5.68186 -46.5 4069
0 5.70641 -46.5 4080
0 5.68800 -46.5 4089
0 5.69414 -46.5 4098
0 5.74322 -46.5 4107
0 5.74936 -46.5 4116
0 5.71254 -46.5 4128
0 5.71868 -46.5 4137
0 5.71254 -46.5 4147
0 5.70641 -46.5 4157
0 5.68186 -46.5 4166
0 5.68186 -46.5 4176
0 5.72482 -46.5 4186
0 5.73095 -46.5 4195
0 5.71868 -46.5 4204
0 5.70641 -46.5 4217
0 5.70027 -46.5 4226
0 5.74322 -46.5 4235
0 5.75550 -46.5 4244
0 5.68800 -46.5 4253
0 5.73709 -46.5 4263
0 5.75550 -46.5 4272
0 5.71254 -46.5 4281
0 5.73709 -46.5 4290
0 5.70641 -46.5 4299
0 5.73095 -46.5 4308
0 5.72482 -46.5 4319
0 5.74936 -46.5 4328
0 5.73095 -46.5 4337
0 5.73095 -46.5 4346
0 5.70641 -46.5 4356
0 5.74322 -46.5 4365
0 5.77390 -46.5 4374
0 5.74322 -46.5 4383
0 5.73709 -46.5 4393
0 5.74936 -46.5 4403
0 5.72482 -46.5 4412
0 5.73095 -46.5 4422
0 5.68800 -46.5 4432
0 5.73709 -46.5 4440
0 5.74322 -46.5 4451
0 5.70027 -46.5 4460
0 5.74936 -46.5 4469
0 5.73709 -46.5 4478
0 5.74936 -46.5 4487
0 5.73709 -46.5 4496
0 5.70027 -46.5 4506
0 5.76163 -46.5 4515
0 5.71254 -46.5 4524
0 5.72482 -46.5 4534
0 5.75550 -46.5 4543
0 5.71868 -46.5 4552
0 5.77390 -46.5 4561
0 5.68800 -46.5 4571
0 5.72482 -46.5 4580
0 5.70641 -46.5 4590
0 5.71868 -46.5 4599
0 5.73709 -46.5 4608
0 5.73095 -46.5 4617
0 5.74936 -46.5 4626
0 5.73709 -46.5 4635
0 5.73709 -46.5 4645
0 5.73095 -46.5 4654
0 5.71254 -46.5 4663
0 5.74936 -46.5 4673
0 5.71868 -46.5 4684
0 5.72482 -46.5 4693
0 5.74322 -46.5 4702
0 5.74936 -46.5 4712
0 5.76777 -46.5 4721
0 5.75550 -46.5 4731
0 5.71868 -46.5 4740
0 5.74322 -46.5 4749
0 5.73095 -46.5 4758
0 5.74936 -46.5 4768
0 5.74936 -46.5 4777
0 5.74936 -46.5 4786
0 5.72482 -46.5 4795
0 5.74322 -46.5 4805
0 5.74322 -46.5 4814
0 5.71868 -46.5 4824
0 5.73709 -46.5 4835
0 5.75550 -46.5 4844
0 5.73709 -46.5 4853
0 5.75550 -46.5 4863
0 5.73095 -46.5 4872
0 5.76777 -46.5 4881
0 5.74322 -46.5 4892
0 5.74936 -46.5 4901
0 5.74936 -46.5 4911
0 5.74936 -46.5 4925
0 5.77390 -46.5 4934
0 5.74936 -46.5 4944
0 5.74936 -46.5 4954
0 5.71868 -46.5 4966
0 5.76163 -46.5 4976
0 5.73095 -46.5 4984
0 5.73095 -46.5 4994
0 5.74936 -46.5 5003
0 5.71868 -46.5 5013
0 5.73095 -46.5 5023
0 5.73709 -46.5 5032
0 5.74322 -46.5 5042
0 5.71868 -46.5 5053
0 5.74322 -46.5 5062
0 5.74322 -46.5 5072
0 5.74322 -46.5 5081
0 5.74322 -46.5 5091
0 5.74322 -46.5 5100
0 5.76163 -46.5 5111
0 5.76163 -46.5 5124
0 5.75550 -46.5 5134
0 5.76777 -46.5 5143
0 5.78004 -46.5 5152
0 5.73709 -46.5 5161
0 5.75550 -46.5 5170
0 5.74936 -46.5 5180
0 5.72482 -46.5 5189
0 5.74936 -46.5 5198
0 5.76777 -46.5 5209
0 5.74322 -46.5 5219
0 5.74936 -46.5 5230
0 5.74936 -46.5 5239
0 5.76163 -46.5 5248
0 5.76163 -46.5 5258
0 5.76163 -46.5 5268
0 5.72482 -46.5 5277
0 5.78618 -46.5 5286
0 5.76163 -46.5 5295
0 5.78004 -46.5 5304
0 5.77390 -46.5 5313
0 5.74322 -46.5 5322
0 5.74936 -46.5 5332
0 5.73095 -46.5 5342
0 5.77390 -46.5 5352
0 5.74322 -46.5 5361
0 5.71254 -46.5 5370
0 5.78004 -46.5 5379
0 5.74322 -46.5 5388
0 5.74936 -46.5 5398
0 5.74322 -46.5 5409
0 5.73095 -46.5 5418
0 5.77390 -46.5 5427
0 5.79231 -46.5 5436
0 5.75550 -46.5 5446
0 5.77390 -46.5 5455
0 5.74322 -46.5 5464
0 5.77390 -46.5 5475
0 5.80458 -46.5 5485
0 5.77390 -46.5 5494
0 5.78618 -46.5 5503
0 5.78004 -46.5 5514
0 5.78004 -46.5 5523
0 5.77390 -46.5 5534
0 5.77390 -46.5 5542
0 5.74936 -46.5 5552
0 5.77390 -46.5 5561
0 5.75550 -46.5 5570
0 5.76777 -46.0 5579
0 5.75550 -46.5 5589
0 5.76163 -46.0 5599
0 5.73095 -46.0 5608
0 5.77390 -46.0 5619
0 5.74936 -46.0 5630
0 5.73095 -46.0 5639
0 5.73095 -46.0 5649
0 5.73095 -46.0 5659
0 5.69414 -46.0 5668
0 5.73095 -46.0 5678
0 5.71254 -46.0 5706
0 5.69414 -46.5 5715
0 5.69414 -46.0 5725
0 5.68800 -46.0 5734
0 5.67573 -46.5 5743
0 5.68800 -46.5 5752
0 5.68800 -46.5 5761
0 5.69414 -46.0 5770
0 5.73095 -46.0 5781
0 5.71868 -46.0 5790
0 5.68800 -46.0 5801
0 5.70641 -46.0 5811
0 5.65119 -46.0 5821
0 5.66346 -46.0 5833
0 5.70027 -46.0 5844
0 5.66959 -46.0 5853
0 5.63891 -46.0 5864
0 5.66346 -46.5 5873
0 5.67573 -46.5 5883
0 5.68186 -46.5 5892
0 5.65119 -46.5 5902
0 5.66959 -46.0 5911
0 5.66346 -46.0 5920
0 5.66346 -46.5 5932
0 5.68186 -46.0 5941
0 5.68186 -46.0 5951
0 5.65732 -46.0 5961
0 5.66959 -46.0 5970
0 5.71254 -46.5 5979
0 5.70027 -46.0 5988
0 5.69414 -46.0 6005
0 5.68186 -46.0 6014
0 5.68800 -46.0 6023
0 5.66959 -46.5 6032
0 5.68186 -46.5 6041
0 5.67573 -46.5 6051
0 5.70027 -46.0 6060
0 5.70641 -46.5 6069
0 5.71868 -46.0 6078
0 5.65119 -46.5 6090
0 5.66346 -46.0 6099
0 5.70027 -46.5 6108
0 5.70641 -46.0 6117
0 5.66959 -46.0 6126
0 5.68186 -46.5 6135
0 5.68186 -46.0 6145
0 5.69414 -46.0 6154
0 5.69414 -46.0 6163
0 5.65732 -46.0 6172
0 5.66959 -46.5 6181
0 5.68800 -46.5 6192
0 5.70641 -46.5 6201
0 5.71254 -46.5 6210
0 5.68186 -46.0 6220
0 5.70027 -46.5 6229
0 5.68186 -46.5 6238
0 5.72482 -46.0 6247
0 5.69414 -46.5 6256
0 5.71868 -46.5 6265
0 5.69414 -46.5 6274
0 5.70027 -46.5 6283
0 5.71254 -46.5 6292
0 5.70641 -46.5 6302
0 5.71868 -46.0 6311
0 5.70641 -46.5 6320
0 5.70641 -46.5 6329
0 5.72482 -46.5 6340
0 5.71868 -46.5 6349
0 5.73095 -46.0 6358
0 5.73709 -46.5 6367
0 5.71254 -46.5 6377
0 5.71254 -46.0 6386
0 5.71254 -46.5 6395
0 5.74322 -46.5 6406
0 5.71254 -46.5 6415
0 5.73709 -46.0 6425
0 5.70641 -46.5 6434
0 5.74322 -46.0 6443
0 5.73709 -46.5 6452
0 5.74322 -46.5 6462
0 5.74322 -46.5 6472
0 5.72482 -46.5 6481
0 5.72482 -46.5 6490
0 5.71868 -46.5 6501
0 5.73709 -46.5 6510
0 5.72482 -46.5 6520
0 5.73709 -46.5 6530
0 5.74936 -46.5 6538
0 5.74936 -46.5 6547
0 5.71254 -46.5 6558
0 5.76163 -46.5 6567
0 5.74936 -46.5 6576
0 5.74936 -46.5 6585
0 5.74322 -46.5 6595
0 5.75550 -46.5 6605
0 5.74936 -46.5 6614
0 5.74322 -46.5 6626
0 5.75550 -46.5 6635
0 5.76163 -46.5 6644
0 5.75550 -46.5 6653
0 5.76777 -46.5 6664
0 5.78004 -46.5 6673
0 5.80458 -46.5 6682
0 5.77390 -46.5 6691
0 5.76163 -46.5 6701
0 5.78618 -46.5 6710
0 5.76163 -46.5 6720
0 5.76777 -46.5 6729
0 5.76777 -46.5 6737
0 5.75550 -46.5 6747
0 5.71868 -46.5 6756
0 5.80458 -46.5 6765
0 5.74936 -46.5 6774
0 5.74322 -46.5 6783
0 5.78004 -46.5 6792
0 5.74936 -46.5 6801
0 5.76777 -46.5 6810
0 5.76163 -46.5 6820
0 5.75550 -46.5 6829
0 5.76163 -46.5 6838
0 5.78618 -46.5 6847
0 5.75550 -46.5 6858
0 5.76777 -46.5 6867
0 5.76163 -46.5 6878
0 5.76777 -46.5 6888
0 5.74322 -46.5 6897
0 5.75550 -46.5 6906
0 5.77390 -46.5 6915
0 5.75550 -46.5 6927
0 5.73095 -46.5 6936
0 5.74936 -46.5 6947
0 5.73709 -46.5 6956
0 5.75550 -46.5 6965
0 5.75550 -46.5 6976
0 5.74936 -46.5 6986
0 5.73709 -46.5 6996
0 5.69414 -46.5 7006
0 5.74936 -46.5 7015
0 5.73709 -46.5 7025
0 5.71254 -46.5 7033
0 5.73095 -46.5 7043
0 5.71868 -46.5 7053
0 5.67573 -46.5 7062
0 5.72482 -46.5 7071
0 5.71868 -46.5 7085
0 5.70641 -46.5 7094
0 5.68186 -46.5 7103
0 5.70027 -47.0 7112
0 5.71254 -47.0 7122
0 5.67573 -47.0 7131
0 5.68186 -46.5 7140
0 5.67573 -47.0 7149
0 5.66959 -46.5 7158
0 5.67573 -47.0 7167
0 5.69414 -46.5 7176
0 5.70027 -47.0 7186
0 5.70027 -47.0 7194
0 5.66959 -47.0 7204
0 5.65119 -47.0 7213
0 5.66346 -47.0 7222
0 5.68186 -47.0 7233
0 5.65119 -47.0 7242
0 5.66346 -47.0 7251
0 5.64505 -47.0 7260
0 5.62051 -47.0 7269
0 5.65119 -47.0 7278
0 5.63891 -47.0 7288
0 5.63891 -47.0 7297
0 5.62051 -47.0 7306
0 5.63278 -47.0 7315
0 5.60210 -47.0 7325
0 5.57142 -47.0 7335
0 5.65119 -47.0 7344
0 5.58369 -47.0 7353
0 5.60823 -47.0 7363
0 5.57142 -47.0 7373
0 5.56528 -47.0 7384
0 5.57755 -47.0 7395
0 5.57755 -47.0 7404
0 5.53460 -47.0 7413
0 5.57142 -47.0 7422
0 5.56528 -47.0 7431
0 5.52233 -47.0 7442
0 5.55301 -47.0 7451
0 5.56528 -47.0 7460
0 5.55301 -47.0 7469
0 5.50392 -47.0 7478
0 5.55915 -47.0 7490
0 5.55915 -47.0 7500
0 5.53460 -47.0 7509
0 5.54074 -47.0 7518
0 5.53460 -47.0 7527
0 5.51619 -47.0 7536
0 5.52847 -47.0 7546
0 5.49779 -47.0 7555
0 5.52847 -47.0 7564
0 5.52847 -47.0 7573
0 5.55301 -47.0 7583
0 5.51619 -47.5 7602
0 5.54074 -47.0 7611
0 5.52233 -47.0 7620
0 5.46711 -47.0 7629
0 5.49779 -47.0 7638
0 5.49779 -47.0 7647
0 5.49165 -47.0 7656
0 5.54074 -47.0 7666
0 5.49779 -47.0 7675
0 5.46711 -47.5 7687
0 5.46711 -47.0 7697
0 5.49779 -47.0 7708
0 5.51006 -47.0 7717
0 5.46097 -47.0 7726
0 5.48552 -47.0 7735
0 5.46711 -47.0 7744
0 5.43643 -47.0 7755
0 5.46097 -47.0 7768
0 5.46711 -47.0 7778
0 5.46097 -47.0 7789
0 5.43643 -47.0 7803
0 5.43643 -47.0 7813
0 5.49165 -47.0 7823
0 5.44870 -47.0 7833
0 5.46097 -47.0 7843
0 5.44256 -47.0 7852
0 5.48552 -47.0 7861
0 5.46711 -47.0 7874
0 5.44870 -47.0 7883
0 5.44256 -47.0 7892
0 5.47324 -47.0 7902
0 5.47938 -47.0 7913
0 5.43029 -47.0 7922
0 5.44870 -47.0 7933
0 5.44870 -47.0 7942
0 5.45484 -47.5 7951
0 5.42416 -47.0 7961
0 5.47938 -47.0 7970
0 5.46711 -47.0 7979
0 5.46097 -47.0 7988
0 5.44870 -47.0 7997
0 5.49165 -47.0 8007
0 5.46097 -47.0 8016
0 5.48552 -47.0 8026
0 5.46097 -47.0 8035
0 5.44256 -47.0 8044
0 5.44256 -47.0 8053
0 5.45484 -47.0 8062
0 5.45484 -47.0 8074
0 5.45484 -47.0 8083
0 5.44870 -47.0 8093
0 5.45484 -47.0 8103
0 5.46711 -47.0 8112
0 5.42416 -47.0 8125
0 5.43643 -47.0 8134
0 5.43029 -47.0 8145
0 5.42416 -47.0 8154
0 5.47938 -47.0 8163
0 5.42416 -47.0 8173
0 5.43643 -47.0 8184
0 5.44256 -47.0 8196
0 5.42416 -47.5 8205
0 5.41188 -47.0 8214
0 5.45484 -47.0 8223
0 5.45484 -47.0 8232
0 5.43029 -47.0 8242
0 5.48552 -47.0 8250
0 5.44256 -47.5 8262
0 5.44870 -47.0 8271
0 5.44870 -47.0 8280
0 5.45484 -47.0 8291
0 5.44256 -47.0 8299
0 5.44870 -47.0 8309
0 5.43029 -47.0 8318
0 5.42416 -47.0 8327
0 5.46711 -47.0 8336
0 5.41802 -47.0 8345
0 5.43029 -47.0 8355
0 5.43643 -47.0 8364
0 5.41802 -47.0 8373
0 5.43643 -47.0 8383
0 5.44870 -47.0 8392
0 5.48552 -47.0 8404
0 5.41188 -47.0 8414
0 5.43643 -47.0 8423
0 5.42416 -47.0 8432
0 5.46711 -47.0 8443
0 5.44256 -47.0 8454
0 5.46097 -47.0 8463
0 5.45484 -47.0 8472
0 5.47324 -47.0 8482
0 5.42416 -47.0 8493
0 5.42416 -47.0 8504
0 5.44256 -47.0 8515
0 5.44256 -47.0 8526
0 5.41188 -47.0 8535
0 5.45484 -47.0 8544
0 5.46711 -47.0 8553
0 5.42416 -47.0 8562
0 5.44870 -47.0 8572
0 5.44870 -47.0 8582
0 5.47938 -47.0 8592
0 5.47938 -47.0 8601
0 5.45484 -47.0 8610
0 5.44256 -47.0 8619
0 5.46097 -47.0 8637
0 5.46097 -47.0 8646
0 5.45484 -47.0 8657
0 5.46097 -47.0 8667
0 5.46097 -47.0 8677
0 5.43643 -47.0 8686
0 5.44256 -47.0 8695
0 5.44256 -47.0 8704
0 5.47938 -47.0 8713
0 5.46097 -47.0 8724
0 5.44870 -47.0 8733
0 5.47938 -47.0 8742
0 5.46711 -47.0 8755
0 5.45484 -47.0 8764
0 5.47324 -47.0 8773
0 5.47938 -47.0 8782
0 5.46711 -47.0 8792
0 5.47938 -47.0 8803
0 5.46711 -47.0 8812
0 5.46097 -47.5 8821
0 5.46711 -47.5 8832
0 5.44870 -47.0 8841
0 5.47938 -47.0 8850
0 5.46711 -47.0 8861
0 5.42416 -47.0 8870
0 5.48552 -47.0 8879
0 5.49779 -47.0 8888
0 5.44870 -47.0 8897
0 5.47324 -47.0 8906
0 5.47938 -47.0 8915
0 5.49779 -47.0 8925
0 5.46097 -47.0 8934
0 5.46097 -47.0 8943
0 5.47938 -47.0 8953
0 5.51006 -47.0 8963
0 5.47324 -47.0 8971
0 5.46097 -47.0 8982
0 5.47938 -47.5 8992
0 5.47324 -47.0 9001
0 5.46711 -47.0 9012
0 5.44256 -47.0 9021
0 5.49165 -47.0 9034
0 5.49165 -47.0 9046
0 5.50392 -47.0 9055
0 5.47938 -47.0 9064
0 5.47938 -47.0 9074
0 5.49779 -47.0 9083
0 5.51006 -47.0 9092
0 5.48552 -47.0 9103
0 5.49165 -47.0 9112
0 5.44870 -47.0 9123
0 5.46711 -47.0 9132
0 5.46097 -47.0 9143
0 5.51619 -47.0 9156
0 5.46711 -47.0 9165
0 5.47324 -47.5 9174
0 5.45484 -47.0 9183
0 5.49165 -47.0 9194
0 5.51619 -47.0 9203
0 5.48552 -47.0 9214
0 5.51619 -47.0 9223
0 5.51006 -47.0 9232
0 5.43643 -47.0 9242
0 5.46097 -47.0 9251
0 5.51619 -47.0 9260
0 5.46097 -47.0 9269
0 5.44256 -47.0 9279
0 5.47324 -47.0 9288
0 5.49165 -47.0 9298
0 5.46711 -47.0 9307
0 5.50392 -47.0 9319
0 5.47324 -47.5 9328
0 5.49165 -47.0 9339
0 5.45484 -47.0 9348
0 5.48552 -47.0 9358
0 5.49779 -47.5 9368
0 5.46097 -47.0 9377
0 5.51006 -47.0 9386
0 5.49779 -47.0 9396
0 5.49779 -47.0 9407
0 5.49165 -47.0 9420
0 5.52847 -47.0 9429
0 5.49779 -47.0 9440
0 5.48552 -47.5 9449
0 5.44256 -47.0 9458
0 5.46711 -47.0 9468
0 5.48552 -47.5 9477
0 5.48552 -47.0 9499
0 5.45484 -47.5 9508
0 5.46097 -47.5 9517
0 5.45484 -47.0 9526
0 5.49165 -47.0 9536
0 5.46097 -47.0 9545
0 5.47324 -47.0 9554
0 5.49779 -47.0 9563
0 5.45484 -47.5 9573
0 5.46097 -47.0 9583
0 5.47938 -47.5 9593
0 5.44256 -47.0 9606
0 5.46711 -47.0 9614
0 5.49165 -47.0 9623
0 5.48552 -47.0 9633
0 5.49779 -47.0 9642
0 5.44870 -47.0 9654
0 5.44256 -47.0 9666
0 5.43029 -47.0 9675
0 5.48552 -47.0 9686
0 5.47938 -47.0 9695
0 5.47938 -47.5 9706
0 5.46711 -47.5 9715
0 5.47324 -47.0 9724
0 5.46711 -47.0 9733
0 5.49165 -47.0 9742
0 5.49165 -47.0 9751
0 5.46711 -47.0 9761
0 5.47324 -47.5 9770
0 5.47324 -47.0 9779
0 5.48552 -47.5 9788
0 5.49165 -47.0 9797
0 5.48552 -47.0 9806
0 5.45484 -47.0 9815
0 5.44256 -47.0 9824
0 5.49779 -47.0 9833
0 5.44256 -47.5 9842
0 5.49779 -47.0 9852
0 5.46097 -47.0 9862
0 5.45484 -47.0 9872
0 5.49779 -47.0 9884
0 5.45484 -47.0 9893
0 5.49165 -47.0 9903
0 5.47938 -47.0 9913
0 5.48552 -47.5 9923
0 5.47324 -47.0 9934
