0 4.12334 -47.5 0
0 4.12948 -48.0 10
0 4.12948 -47.5 20
0 4.11720 -47.5 30
0 4.15402 -47.5 40
0 4.14788 -47.5 49
0 4.15402 -47.5 58
0 4.16016 -47.5 69
0 4.12948 -47.5 81
0 4.12334 -47.5 91
0 4.13561 -47.5 100
0 4.10493 -47.5 109
0 4.12334 -47.5 120
0 4.19084 -47.5 129
0 4.12948 -47.5 140
0 4.09880 -47.5 149
0 4.11720 -47.5 158
0 4.14175 -47.5 170
0 4.14175 -47.5 179
0 4.12334 -47.5 188
0 4.10493 -47.5 197
0 4.14788 -47.5 206
0 4.09880 -47.5 215
0 4.15402 -48.0 225
0 4.14175 -47.5 235
0 4.14175 -47.5 245
0 4.12334 -47.5 253
0 4.14788 -47.5 263
0 4.08652 -47.5 272
0 4.16016 -47.5 283
0 4.12948 -47.5 293
0 4.19697 -48.0 302
0 4.15402 -47.5 311
0 4.11720 -47.5 320
0 4.15402 -47.5 329
0 4.14175 -47.5 338
0 4.16629 -47.5 347
0 4.14788 -47.5 357
0 4.16016 -47.5 366
0 4.14175 -47.5 375
0 4.14788 -47.5 385
0 4.15402 -47.5 394
0 4.16016 -47.5 403
0 4.16016 -47.5 412
0 4.14175 -47.5 422
0 4.17856 -47.5 431
0 4.17243 -47.5 440
0 4.11720 -47.5 449
0 4.16016 -47.5 458
0 4.20311 -47.5 467
0 4.12948 -47.5 478
0 4.17856 -47.5 487
0 4.17856 -47.5 496
0 4.17243 -47.5 505
0 4.16016 -47.5 514
0 4.16016 -47.5 523
0 4.17243 -47.5 533
0 4.16016 -47.5 542
0 4.16629 -47.5 551
0 4.14175 -47.5 560
0 4.17856 -47.5 569
0 4.14788 -48.0 581
0 4.19084 -47.5 590
0 4.21538 -47.5 599
0 4.17243 -47.5 608
0 4.11720 -47.5 618
0 4.20924 -48.0 628
0 4.16016 -47.5 637
0 4.17243 -47.5 647
0 4.19084 -47.5 656
0 4.18470 -47.5 666
0 4.16016 -47.5 675
0 4.16629 -47.5 684
0 4.16629 -47.5 693
0 4.18470 -47.5 704
0 4.16016 -47.5 713
0 4.17243 -47.5 722
0 4.16629 -47.5 733
0 4.18470 -47.5 742
0 4.14788 -47.5 751
0 4.17856 -47.5 760
0 4.18470 -47.5 769
0 4.14788 -47.5 778
0 4.21538 -47.5 790
0 4.18470 -47.5 799
0 4.19697 -47.5 808
0 4.18470 -47.5 817
0 4.18470 -47.5 826
0 4.16629 -47.5 835
0 4.18470 -47.5 844
0 4.17856 -47.5 855
0 4.17856 -47.5 864
0 4.14175 -47.5 873
0 4.16629 -48.0 882
0 4.17243 -48.0 891
0 4.18470 -47.5 901
0 4.19697 -48.0 910
0 4.17856 -47.5 919
0 4.17243 -48.0 928
0 4.17243 -48.0 937
0 4.17243 -47.5 948
0 4.16016 -48.0 959
0 4.17243 -47.5 968
0 4.19084 -48.0 977
0 4.17856 -47.5 986
0 4.12334 -47.5 995
0 4.19697 -48.0 1006
0 4.17243 -47.5 1015
0 4.17856 -48.0 1024
0 4.19697 -48.0 1033
0 4.14788 -47.5 1042
0 4.20924 -48.0 1051
0 4.17243 -48.0 1060
0 4.15402 -47.5 1070
0 4.18470 -47.5 1079
0 4.14175 -48.0 1088
0 4.14175 -48.0 1099
0 4.18470 -47.5 1108
0 4.16629 -47.5 1117
0 4.18470 -47.5 1127
0 4.14175 -47.5 1136
0 4.19084 -48.0 1147
0 4.19697 -48.0 1156
0 4.17856 -48.0 1165
0 4.14788 -48.0 1174
0 4.19084 -47.5 1183
0 4.17243 -48.0 1192
0 4.17856 -47.5 1202
0 4.11720 -48.0 1211
0 4.18470 -48.0 1221
0 4.17243 -47.5 1230
0 4.18470 -47.5 1239
0 4.14788 -48.0 1248
0 4.15402 -48.0 1257
0 4.19697 -47.5 1266
0 4.14175 -47.5 1276
0 4.17243 -48.0 1286
0 4.15402 -48.0 1295
0 4.18470 -47.5 1304
0 4.17243 -47.5 1313
0 4.16016 -48.0 1323
0 4.18470 -47.5 1332
0 4.15402 -48.0 1344
0 4.19697 -48.0 1355
0 4.17243 -48.0 1364
0 4.17243 -47.5 1373
0 4.18470 -47.5 1384
0 4.17856 -48.0 1393
0 4.17243 -48.0 1402
0 4.12948 -48.0 1411
0 4.15402 -47.5 1422
0 4.14175 -47.5 1432
0 4.16629 -47.5 1442
0 4.17856 -47.5 1451
0 4.16016 -47.5 1460
0 4.16016 -48.0 1471
0 4.16016 -48.0 1480
0 4.17856 -47.5 1489
0 4.17856 -48.0 1498
0 4.19697 -47.5 1508
0 4.17856 -48.0 1517
0 4.18470 -48.0 1527
0 4.15402 -47.5 1539
0 4.17243 -47.5 1548
0 4.16629 -47.5 1559
0 4.19697 -48.0 1568
0 4.17856 -48.0 1578
0 4.16016 -48.0 1587
0 4.15402 -47.5 1597
0 4.15402 -48.0 1606
0 4.16629 -48.0 1617
0 4.19084 -47.5 1626
0 4.16016 -47.5 1636
0 4.18470 -47.5 1645
0 4.18470 -47.5 1655
0 4.12334 -48.0 1664
0 4.19084 -47.5 1674
0 4.17243 -48.0 1685
0 4.13561 -48.0 1694
0 4.14175 -48.0 1703
0 4.18470 -48.0 1713
0 4.18470 -48.0 1722
0 4.17243 -47.5 1732
0 4.16629 -47.5 1743
0 4.12948 -47.5 1752
0 4.20311 -47.5 1762
0 4.20311 -47.5 1770
0 4.15402 -48.0 1781
0 4.14788 -47.5 1791
0 4.16629 -47.5 1800
0 4.18470 -48.0 1810
0 4.17243 -47.5 1819
0 4.15402 -47.5 1828
0 4.16629 -48.0 1837
0 4.14788 -48.0 1847
0 4.15402 -47.5 1857
0 4.17243 -47.5 1866
0 4.14788 -47.5 1876
0 4.14175 -48.0 1900
0 4.14788 -48.0 1909
0 4.12334 -48.0 1921
0 4.17243 -48.0 1933
0 4.16016 -48.0 1942
0 4.20924 -48.0 1953
0 4.16016 -47.5 1963
0 4.12334 -48.0 1972
0 4.16016 -48.0 1981
0 4.19084 -48.0 1990
0 4.16016 -48.0 1999
0 4.14788 -48.0 2010
0 4.15402 -48.0 2019
0 4.18470 -47.5 2030
0 4.16629 -48.0 2039
0 4.16629 -48.0 2050
0 4.17243 -48.0 2059
0 4.11720 -47.5 2068
0 4.16016 -48.0 2077
0 4.17243 -48.0 2086
0 4.16016 -48.0 2097
0 4.15402 -48.0 2106
0 4.16016 -48.0 2117
0 4.17856 -48.0 2127
0 4.19084 -48.0 2136
0 4.14788 -48.0 2146
0 4.19697 -48.0 2155
0 4.16016 -48.0 2168
0 4.16016 -48.0 2178
0 4.16016 -48.0 2187
0 4.14175 -48.0 2196
0 4.14175 -48.0 2206
0 4.16629 -48.0 2215
0 4.16629 -48.0 2224
0 4.16629 -48.0 2233
0 4.14175 -48.0 2242
0 4.13561 -48.0 2252
0 4.12948 -48.0 2261
0 4.16016 -48.0 2270
0 4.12334 -48.0 2279
0 4.16629 -48.0 2288
0 4.14788 -48.0 2297
0 4.13561 -48.0 2306
0 4.15402 -48.0 2316
0 4.17243 -48.0 2325
0 4.14175 -48.0 2334
0 4.16016 -48.0 2343
0 4.13561 -48.0 2353
0 4.16629 -48.0 2362
0 4.13561 -48.0 2372
0 4.17243 -48.0 2381
0 4.14788 -48.0 2390
0 4.15402 -48.0 2399
0 4.12334 -48.0 2410
0 4.16629 -48.0 2423
0 4.13561 -48.0 2433
0 4.14788 -48.0 2444
0 4.13561 -48.0 2455
0 4.15402 -48.0 2464
0 4.13561 -48.0 2473
0 4.10493 -48.0 2482
0 4.16629 -48.0 2492
0 4.14788 -48.0 2501
0 4.17856 -48.0 2510
0 4.13561 -48.0 2519
0 4.19697 -48.0 2529
0 4.17243 -48.0 2540
0 4.14788 -48.0 2552
0 4.13561 -48.0 2561
0 4.18470 -48.0 2570
0 4.14788 -48.0 2579
0 4.12334 -48.0 2588
0 4.13561 -48.0 2599
0 4.14788 -48.0 2608
0 4.12948 -48.0 2617
0 4.17243 -48.0 2626
0 4.14788 -48.0 2636
0 4.16016 -48.0 2645
0 4.14788 -48.0 2654
0 4.12334 -48.0 2663
0 4.12948 -48.0 2672
0 4.14788 -48.0 2682
0 4.16016 -48.0 2692
0 4.16629 -48.0 2702
0 4.18470 -48.0 2712
0 4.15402 -48.0 2722
0 4.16016 -48.0 2731
0 4.13561 -48.0 2740
0 4.16629 -48.0 2750
0 4.13561 -48.0 2759
0 4.17856 -48.0 2768
0 4.17243 -48.0 2777
0 4.14788 -48.0 2787
0 4.16629 -48.0 2796
0 4.16629 -48.0 2806
0 4.14175 -48.0 2815
0 4.14788 -48.0 2825
0 4.15402 -48.0 2834
0 4.13561 -48.0 2845
0 4.15402 -48.0 2854
0 4.17856 -48.0 2863
0 4.13561 -48.0 2874
0 4.12334 -48.0 2883
0 4.14788 -48.0 2893
0 4.14175 -48.0 2903
0 4.16016 -48.0 2914
0 4.16016 -48.0 2926
0 4.15402 -48.0 2935
0 4.14788 -48.0 2944
0 4.15402 -48.0 2953
0 4.15402 -48.0 2962
0 4.11720 -48.0 2971
0 4.09266 -48.0 2980
0 4.16629 -48.0 2990
0 4.16016 -48.0 2999
0 4.12334 -48.0 3012
0 4.16016 -48.0 3022
0 4.16629 -48.0 3031
0 4.11107 -48.0 3041
0 4.11720 -48.0 3050
0 4.12334 -48.0 3059
0 4.15402 -48.0 3068
0 4.14788 -48.0 3078
0 4.13561 -48.0 3088
0 4.10493 -48.0 3097
0 4.15402 -48.0 3108
0 4.11720 -48.0 3117
0 4.14788 -48.0 3126
0 4.12334 -48.0 3138
0 4.12334 -48.0 3147
0 4.12334 -48.0 3156
0 4.14175 -48.0 3165
0 4.11720 -48.0 3174
0 4.13561 -48.0 3185
0 4.12948 -48.0 3195
0 4.09266 -48.0 3207
0 4.14175 -48.0 3216
0 4.13561 -48.0 3225
0 4.12334 -48.0 3234
0 4.11720 -48.0 3243
0 4.13561 -48.0 3252
0 4.12948 -48.0 3262
0 4.13561 -48.0 3271
0 4.11107 -48.0 3282
0 4.09266 -48.0 3290
0 4.14175 -48.0 3301
0 4.11720 -48.0 3310
0 4.15402 -48.0 3322
0 4.17243 -48.0 3331
0 4.09266 -48.0 3342
0 4.12334 -48.0 3351
0 4.12948 -48.0 3360
0 4.15402 -48.0 3369
0 4.09880 -48.0 3378
0 4.11720 -48.0 3387
0 4.06812 -48.0 3396
0 4.08039 -48.0 3406
0 4.12334 -48.0 3415
0 4.12334 -48.0 3425
0 4.11720 -48.0 3438
0 4.10493 -48.0 3447
0 4.08652 -48.0 3456
0 4.11107 -48.0 3466
0 4.14175 -48.0 3476
0 4.10493 -48.0 3488
0 4.11107 -48.0 3499
0 4.09880 -48.0 3508
0 4.11107 -48.0 3518
0 4.12948 -48.0 3527
0 4.07425 -48.0 3537
0 4.11107 -48.0 3546
0 4.10493 -48.0 3555
0 4.11107 -48.0 3564
0 4.11107 -48.0 3573
0 4.07425 -48.0 3584
0 4.09880 -48.0 3594
0 4.08652 -48.0 3603
0 4.09880 -48.0 3613
0 4.11107 -48.0 3623
0 4.12334 -48.0 3632
0 4.04971 -48.0 3642
0 4.08039 -48.0 3653
0 4.07425 -48.0 3663
0 4.07425 -48.0 3674
0 4.05585 -48.0 3683
0 4.04971 -48.0 3692
0 4.03744 -48.0 3702
0 4.00062 -48.0 3711
0 4.06812 -48.0 3720
0 4.07425 -48.0 3729
0 4.02517 -48.0 3738
0 4.10493 -48.0 3748
0 4.06812 -48.0 3758
0 4.04971 -48.0 3767
0 4.05585 -48.0 3776
0 4.04357 -48.0 3803
0 4.06198 -48.0 3812
0 4.03130 -48.0 3823
0 4.06812 -48.0 3832
0 4.03130 -48.0 3841
0 4.03744 -48.0 3850
0 4.03130 -48.0 3859
0 4.02517 -48.0 3868
0 4.03130 -48.0 3877
0 4.02517 -48.0 3890
0 4.01903 -48.0 3901
0 4.04971 -48.0 3912
0 3.98835 -48.0 3921
0 4.01903 -48.5 3933
0 4.00676 -48.0 3942
0 4.07425 -48.0 3951
0 3.97608 -48.5 3960
0 4.01903 -48.5 3969
0 4.00676 -48.0 3979
0 4.01289 -48.0 3988
0 4.03130 -48.5 3997
0 4.00676 -48.5 4007
0 4.02517 -48.5 4017
0 3.98835 -48.0 4026
0 4.02517 -48.5 4035
0 4.00062 -48.5 4045
0 3.96381 -48.5 4056
0 4.00676 -48.0 4067
0 4.01903 -48.5 4077
0 4.02517 -48.0 4088
0 3.98835 -48.0 4097
0 4.02517 -48.5 4106
0 4.00676 -48.0 4118
0 3.98835 -48.0 4128
0 3.98835 -48.5 4137
0 3.99449 -48.5 4147
0 3.99449 -48.0 4156
0 4.00676 -48.5 4168
0 3.96994 -48.5 4177
0 3.98835 -48.5 4186
0 3.96994 -48.0 4196
0 3.98835 -48.5 4205
0 4.00062 -48.5 4214
0 3.96994 -48.0 4223
0 3.96381 -48.5 4233
0 3.96994 -48.5 4243
0 3.95767 -48.5 4252
0 3.94540 -48.5 4262
0 3.95153 -48.5 4271
0 3.97608 -48.5 4280
0 3.98835 -48.5 4289
0 3.98221 -48.5 4298
0 3.93926 -48.5 4308
0 3.96381 -48.5 4317
0 3.93313 -48.5 4326
0 3.97608 -48.5 4335
0 3.96994 -48.5 4344
0 3.95767 -48.5 4353
0 4.00062 -48.5 4363
0 3.95153 -48.5 4372
0 3.96994 -48.5 4382
0 3.97608 -48.5 4391
0 3.94540 -48.5 4403
0 3.96381 -48.5 4412
0 3.93926 -48.5 4422
0 3.92085 -48.5 4431
0 3.98221 -48.5 4441
0 3.96994 -48.5 4450
0 3.97608 -48.5 4459
0 3.98221 -48.5 4469
0 3.97608 -48.5 4480
0 3.96381 -48.5 4489
0 3.98835 -48.5 4498
0 3.98835 -48.5 4507
0 4.00062 -48.5 4518
0 3.99449 -48.5 4527
0 3.93926 -48.5 4536
0 3.96994 -48.5 4546
0 4.00676 -48.5 4554
0 3.99449 -48.5 4565
0 4.00062 -48.5 4575
0 3.98221 -48.5 4584
0 3.95153 -48.5 4593
0 3.98835 -48.5 4603
0 3.98221 -48.5 4612
0 3.98835 -48.5 4621
0 3.96994 -48.5 4631
0 4.00676 -48.5 4641
0 4.03744 -48.5 4650
0 4.00062 -48.5 4659
0 3.98221 -48.5 4668
0 3.97608 -48.5 4677
0 4.01289 -48.5 4688
0 4.01903 -48.5 4697
0 4.00676 -48.5 4706
0 4.02517 -48.5 4718
0 4.00676 -48.5 4727
0 4.00062 -48.5 4736
0 4.01903 -48.5 4745
0 4.04971 -48.5 4756
0 4.06198 -48.5 4765
0 4.07425 -48.0 4775
0 4.04971 -48.5 4784
0 4.08652 -48.5 4793
0 4.10493 -48.5 4802
0 4.09880 -48.5 4812
0 4.11720 -48.5 4821
0 4.09880 -48.5 4830
0 4.11720 -48.5 4839
0 4.09880 -48.0 4848
0 4.11107 -48.5 4857
0 4.11720 -48.5 4867
0 4.13561 -48.0 4876
0 4.14788 -48.0 4885
0 4.11107 -48.0 4894
0 4.11107 -48.0 4905
0 4.17856 -48.5 4914
0 4.15402 -48.5 4923
0 4.17856 -48.0 4933
0 4.11720 -48.5 4943
0 4.19084 -48.0 4953
0 4.14175 -48.5 4963
0 4.16016 -48.0 4972
0 4.15402 -48.0 4982
0 4.16016 -48.0 4991
0 4.18470 -48.0 5001
0 4.16629 -48.5 5011
0 4.18470 -48.0 5020
0 4.16629 -48.0 5029
0 4.17243 -48.0 5038
0 4.19084 -48.0 5047
0 4.19697 -48.5 5056
0 4.19697 -48.5 5067
0 4.20924 -48.5 5077
0 4.15402 -48.5 5087
0 4.18470 -48.0 5096
0 4.19697 -48.0 5105
0 4.20311 -48.0 5114
0 4.23992 -48.0 5123
0 4.22152 -48.5 5133
0 4.23379 -48.0 5141
0 4.21538 -48.5 5151
0 4.19084 -48.0 5160
0 4.22152 -48.5 5169
0 4.23992 -48.0 5178
0 4.21538 -48.5 5188
0 4.26447 -48.5 5197
0 4.19084 -48.5 5205
0 4.20311 -48.5 5215
0 4.19697 -48.5 5224
0 4.20924 -48.5 5234
0 4.19697 -48.0 5243
0 4.22152 -48.5 5252
0 4.20924 -48.5 5261
0 4.19084 -48.5 5272
0 4.21538 -48.5 5282
0 4.17856 -48.0 5292
0 4.18470 -48.5 5304
0 4.20311 -48.5 5315
0 4.17243 -48.5 5324
0 4.21538 -48.0 5333
0 4.16629 -48.5 5342
0 4.17856 -48.0 5352
0 4.16016 -48.5 5361
0 4.16016 -48.5 5370
0 4.14175 -48.0 5379
0 4.12948 -48.5 5390
0 4.12948 -48.5 5400
0 4.16629 -48.0 5411
0 4.08039 -48.5 5420
0 4.09266 -48.5 5429
0 4.10493 -48.5 5438
0 4.09880 -48.5 5447
0 4.09880 -48.5 5459
0 4.06198 -48.5 5468
0 4.08039 -48.5 5477
0 4.08652 -48.5 5486
0 4.10493 -48.5 5495
0 4.08652 -48.5 5504
0 4.08652 -48.0 5513
0 4.08652 -48.5 5524
0 4.09880 -48.5 5533
0 4.05585 -48.5 5542
0 4.04357 -48.5 5551
0 4.06198 -48.5 5562
0 4.06198 -48.5 5571
0 4.04357 -48.5 5582
0 4.06812 -48.5 5592
0 4.07425 -48.5 5601
0 4.05585 -48.5 5610
0 4.05585 -48.5 5619
0 4.03744 -48.5 5628
0 3.97608 -48.5 5637
0 4.00062 -48.5 5648
0 4.01903 -48.5 5657
0 4.00062 -48.5 5668
0 3.97608 -48.5 5677
0 3.99449 -48.5 5704
0 3.98221 -48.5 5715
0 3.95153 -48.5 5724
0 3.96381 -48.5 5733
0 3.98221 -48.5 5743
0 3.95767 -48.5 5752
0 3.94540 -48.5 5761
0 3.96994 -48.5 5771
0 3.93313 -48.5 5780
0 3.97608 -49.0 5789
0 3.95767 -48.5 5798
0 3.93313 -48.5 5809
0 3.96994 -48.5 5822
0 3.93926 -48.5 5831
0 3.93313 -48.5 5840
0 3.94540 -48.5 5853
0 3.94540 -49.0 5862
0 3.96994 -49.0 5874
0 3.93926 -49.0 5884
0 3.96381 -49.0 5893
0 3.90858 -48.5 5902
0 3.96994 -49.0 5915
0 3.92699 -49.0 5924
0 3.93926 -49.0 5933
0 3.94540 -48.5 5942
0 3.93313 -48.5 5951
0 3.90245 -49.0 5961
0 3.97608 -48.5 5971
0 3.90245 -49.0 5980
0 3.92085 -49.0 5989
0 3.90858 -48.5 5998
0 3.93926 -48.5 6007
0 3.92699 -49.0 6017
0 3.94540 -49.0 6026
0 3.94540 -49.0 6035
0 3.95767 -49.0 6044
0 3.93313 -49.0 6053
0 3.96994 -48.5 6064
0 3.96381 -49.0 6073
0 3.95767 -48.5 6082
0 3.93926 -49.0 6091
0 3.93313 -49.0 6101
0 3.96381 -48.5 6111
0 3.92699 -48.5 6120
0 4.00676 -48.5 6130
0 3.93926 -48.5 6139
0 3.93926 -49.0 6150
0 3.95767 -49.0 6158
0 4.00062 -49.0 6168
0 3.92699 -49.0 6178
0 4.00062 -48.5 6187
0 3.98835 -49.0 6196
0 3.98835 -48.5 6205
0 4.00062 -49.0 6214
0 3.98835 -49.0 6223
0 3.99449 -49.0 6232
0 3.98835 -48.5 6242
0 3.94540 -49.0 6252
0 3.94540 -49.0 6262
0 3.97608 -49.0 6271
0 3.98835 -49.0 6281
0 3.99449 -49.0 6290
0 3.99449 -49.0 6300
0 4.04357 -49.0 6309
0 4.02517 -48.5 6318
0 3.97608 -49.0 6327
0 3.99449 -49.0 6336
0 4.01903 -49.0 6345
0 3.98835 -48.5 6354
0 4.00676 -49.0 6365
0 3.98221 -48.5 6375
0 3.98835 -49.0 6384
0 4.01289 -49.0 6393
0 4.00062 -49.0 6402
0 4.01903 -48.5 6411
0 4.04971 -49.0 6420
0 4.03744 -49.0 6430
0 4.00062 -49.0 6439
0 3.96994 -48.5 6448
0 4.03744 -49.0 6457
0 3.99449 -48.5 6466
0 4.01289 -49.0 6475
0 4.06198 -49.0 6484
0 4.00062 -48.5 6494
0 3.98221 -49.0 6502
0 4.02517 -49.0 6512
0 4.06198 -49.0 6521
0 3.99449 -49.0 6531
0 4.03130 -48.5 6540
0 4.01289 -49.0 6549
0 4.00676 -49.0 6560
0 4.00676 -49.0 6569
0 3.99449 -48.5 6578
0 4.00062 -49.0 6589
0 4.02517 -49.0 6598
0 3.99449 -49.0 6609
0 3.97608 -49.0 6619
0 3.98221 -49.0 6628
0 3.98221 -49.0 6639
0 4.01289 -49.0 6649
0 3.99449 -49.0 6659
0 4.01289 -49.0 6671
0 4.00062 -49.0 6680
0 4.00062 -49.0 6690
0 4.02517 -49.0 6700
0 4.01289 -49.0 6709
0 3.97608 -49.0 6718
0 4.01289 -49.0 6727
0 3.99449 -49.0 6737
0 4.00676 -49.0 6746
0 3.98835 -49.0 6755
0 3.96994 -49.0 6764
0 3.96381 -49.0 6773
0 4.01903 -48.5 6782
0 4.00062 -49.0 6791
0 4.00676 -49.0 6801
0 3.99449 -49.0 6811
0 3.97608 -49.0 6820
0 3.96381 -49.0 6829
0 3.97608 -49.0 6838
0 4.00676 -49.0 6847
0 3.97608 -49.0 6860
0 3.98221 -49.0 6871
0 4.02517 -49.0 6880
0 4.00676 -49.0 6889
0 3.95767 -49.0 6899
0 4.00062 -49.0 6909
0 3.96381 -48.5 6918
0 3.99449 -49.0 6928
0 4.00676 -49.0 6938
0 4.01903 -49.0 6948
0 3.98835 -49.0 6957
0 3.98835 -49.0 6966
0 3.97608 -49.0 6975
0 3.99449 -49.0 6984
0 3.97608 -48.5 6993
0 3.98221 -49.0 7003
0 3.98835 -49.0 7012
0 4.00676 -49.0 7022
0 3.99449 -49.0 7031
0 4.00676 -49.0 7041
0 3.98221 -48.5 7050
0 4.03130 -49.0 7060
0 4.00676 -49.0 7069
0 3.98221 -49.0 7078
0 4.00676 -49.0 7087
0 4.01289 -49.0 7096
0 4.00062 -48.5 7105
0 4.02517 -49.0 7115
0 4.01903 -49.0 7124
0 4.00062 -49.0 7136
0 4.00676 -49.0 7145
0 3.97608 -49.0 7155
0 3.97608 -49.0 7164
0 4.03130 -48.5 7173
0 3.99449 -49.0 7182
0 3.98221 -49.0 7191
0 3.98221 -49.0 7201
0 4.01903 -49.0 7214
0 3.96994 -49.0 7224
0 3.98221 -48.5 7233
0 4.04357 -49.0 7244
0 4.01903 -49.0 7254
0 4.01903 -49.0 7263
0 4.03130 -49.0 7272
0 3.97608 -49.0 7281
0 4.01903 -49.0 7290
0 3.97608 -48.5 7303
0 3.99449 -49.0 7312
0 4.00062 -49.0 7322
0 4.00062 -49.0 7330
0 3.96381 -49.0 7340
0 4.00062 -49.0 7350
0 4.02517 -49.0 7360
0 4.00062 -49.0 7369
0 4.00676 -49.0 7378
0 4.00062 -49.0 7387
0 3.96994 -48.5 7396
0 3.96381 -49.0 7405
0 3.97608 -49.0 7414
0 4.03130 -49.0 7423
0 4.01289 -49.0 7432
0 3.97608 -49.0 7441
0 3.97608 -49.0 7450
0 4.00062 -49.0 7459
0 3.98835 -49.0 7473
0 4.00676 -49.0 7482
0 3.96994 -49.0 7491
0 4.00062 -49.0 7502
0 3.93926 -49.0 7511
0 4.01903 -49.0 7520
0 4.01289 -49.0 7529
0 3.96994 -49.0 7538
0 3.98835 -49.0 7548
0 3.96994 -49.0 7557
0 3.97608 -48.5 7566
0 4.00676 -49.0 7576
0 3.96381 -49.0 7603
0 3.98835 -49.0 7612
0 4.00062 -49.0 7622
0 4.00676 -49.0 7631
0 3.98221 -49.0 7640
0 4.00062 -49.0 7649
0 3.96381 -49.0 7658
0 4.00676 -49.0 7667
0 3.98835 -49.0 7677
0 4.01289 -49.0 7686
0 3.99449 -49.0 7698
0 4.00062 -48.5 7707
0 4.01289 -49.0 7715
0 3.95153 -49.0 7725
0 4.01903 -49.0 7735
0 3.98835 -49.0 7744
0 4.01903 -49.0 7753
0 3.96994 -49.0 7765
0 4.01903 -49.0 7775
0 3.95767 -49.0 7785
0 3.97608 -49.0 7795
0 3.98221 -49.0 7804
0 3.97608 -49.0 7819
0 3.98835 -49.0 7828
0 3.98835 -49.0 7837
0 3.95767 -49.0 7846
0 3.99449 -49.0 7855
0 3.96994 -49.0 7865
0 3.98221 -49.0 7875
0 4.00676 -49.0 7884
0 4.00062 -49.0 7893
0 4.00676 -49.0 7902
0 3.95767 -49.0 7912
0 3.99449 -49.0 7920
0 3.98835 -49.0 7930
0 4.01903 -49.0 7939
0 3.98835 -49.0 7949
0 3.99449 -49.0 7959
0 3.96994 -49.0 7968
0 4.01289 -49.0 7978
0 4.03744 -49.0 7987
0 4.00676 -49.0 7997
0 3.98835 -49.0 8006
0 3.98835 -49.0 8015
0 3.98221 -48.5 8024
0 4.00062 -49.0 8033
0 3.98221 -49.0 8043
0 4.00062 -49.0 8053
0 4.00062 -49.0 8062
0 4.00062 -48.5 8071
0 3.95767 -49.0 8080
0 3.98221 -48.5 8090
0 3.98835 -49.0 8100
0 4.00062 -49.0 8109
0 3.98221 -48.5 8118
0 4.01903 -49.0 8129
0 4.00676 -49.0 8138
0 4.01289 -49.0 8147
0 4.00062 -49.0 8156
0 4.01903 -49.0 8165
0 3.95153 -49.0 8176
0 4.02517 -49.0 8185
0 4.01289 -49.0 8194
0 3.98221 -49.0 8204
0 3.96381 -49.0 8213
0 3.98835 -48.5 8222
0 3.98835 -49.0 8231
0 3.99449 -49.0 8240
0 3.98835 -49.0 8249
0 3.97608 -48.5 8258
0 3.99449 -49.0 8267
0 3.96994 -49.0 8277
0 3.98221 -49.0 8286
0 3.98835 -48.5 8295
0 4.00676 -49.0 8304
0 3.98221 -49.0 8315
0 3.96381 -49.0 8324
0 3.97608 -49.0 8333
0 4.00676 -49.0 8343
0 3.97608 -48.5 8353
0 4.01289 -49.0 8362
0 4.03744 -49.0 8372
0 3.99449 -48.5 8381
0 3.98221 -49.0 8393
0 3.95767 -49.0 8402
0 4.01289 -49.0 8412
0 3.99449 -49.0 8423
0 4.00676 -49.0 8432
0 4.01289 -49.0 8441
0 3.98835 -49.0 8450
0 3.96994 -49.0 8459
0 4.00062 -49.0 8469
0 3.99449 -49.0 8478
0 3.96381 -49.0 8488
0 3.98221 -49.0 8497
0 4.00676 -49.0 8507
0 4.01289 -49.0 8517
0 3.95767 -49.0 8527
0 4.03130 -49.0 8538
0 3.98835 -49.0 8548
0 4.02517 -49.0 8561
0 3.97608 -49.0 8570
0 4.03130 -48.5 8579
0 4.01289 -49.0 8591
0 4.00062 -49.0 8600
0 4.00676 -48.5 8609
0 4.03130 -49.0 8621
0 3.99449 -49.0 8630
0 3.96994 -49.0 8640
0 3.98835 -49.0 8649
0 4.01289 -48.5 8658
0 3.98835 -48.5 8667
0 4.03130 -48.5 8677
0 4.01289 -49.0 8685
0 4.00676 -49.0 8694
0 3.96994 -49.0 8705
0 4.00062 -48.5 8719
0 3.98835 -49.0 8728
0 4.03130 -49.0 8737
0 4.03744 -49.0 8747
0 3.98835 -49.0 8757
0 3.98835 -48.5 8766
0 3.98835 -48.5 8775
0 3.99449 -49.0 8784
0 3.96994 -48.5 8795
0 4.00062 -48.5 8804
0 3.97608 -48.5 8813
0 3.98221 -48.5 8822
0 3.97608 -49.0 8833
0 3.98221 -49.0 8842
0 4.00062 -49.0 8851
0 3.91472 -49.0 8860
0 4.00062 -49.0 8870
0 3.97608 -48.5 8879
0 4.00062 -49.0 8888
0 3.93926 -49.0 8897
0 3.98835 -48.5 8906
0 3.97608 -48.5 8916
0 4.01903 -48.5 8924
0 3.98835 -48.5 8934
0 3.96994 -48.5 8943
0 4.00676 -48.5 8952
0 4.06198 -48.5 8963
0 4.02517 -48.5 8972
0 3.98221 -48.5 8981
0 3.98221 -48.5 8990
0 4.02517 -48.5 8999
0 4.02517 -48.5 9008
0 4.02517 -48.5 9020
0 4.00062 -48.5 9029
0 3.98221 -48.5 9038
0 4.01289 -48.5 9047
0 4.02517 -48.5 9060
0 4.04971 -48.5 9070
0 4.04971 -48.5 9078
0 4.03130 -48.0 9088
0 4.02517 -48.5 9097
0 4.03130 -48.5 9106
0 4.01903 -48.0 9115
0 4.00062 -48.0 9124
0 4.03744 -48.5 9134
0 4.03130 -48.5 9143
0 4.03744 -48.5 9152
0 4.03130 -48.5 9161
0 3.99449 -48.0 9173
0 4.01903 -48.5 9183
0 3.99449 -48.5 9191
0 4.01289 -48.5 9201
0 4.03130 -48.5 9210
0 4.05585 -48.5 9219
0 4.01903 -48.0 9228
0 4.01903 -48.5 9238
0 4.01903 -48.5 9248
0 4.01903 -48.5 9258
0 3.99449 -48.5 9267
0 4.01289 -48.5 9277
0 4.00062 -48.5 9286
0 4.00062 -48.5 9296
0 4.02517 -48.5 9306
0 4.03130 -48.5 9315
0 4.03130 -48.5 9324
0 4.03744 -48.5 9335
0 4.02517 -48.5 9344
0 4.01289 -48.5 9353
0 4.01289 -48.5 9364
0 4.01289 -48.5 9374
0 4.01289 -48.5 9384
0 4.00062 -48.5 9393
0 4.01903 -48.5 9404
0 4.01903 -48.5 9413
0 4.00676 -48.5 9422
0 4.02517 -48.5 9431
0 3.96381 -48.5 9443
0 3.98835 -48.5 9453
0 3.96381 -48.5 9462
0 3.96381 -48.5 9472
0 4.02517 -48.5 9482
0 3.97608 -48.5 9506
0 3.95153 -48.5 9515
0 3.98835 -48.5 9524
0 3.96994 -48.5 9535
0 3.98221 -48.5 9544
0 3.99449 -48.5 9554
0 4.01903 -48.5 9563
0 3.95767 -48.5 9573
0 3.97608 -48.5 9582
0 3.98221 -48.5 9593
0 4.00676 -48.5 9602
0 3.98221 -48.5 9611
0 3.98835 -48.5 9622
0 4.00062 -48.5 9633
0 4.00062 -48.5 9642
0 3.98221 -48.5 9652
0 3.99449 -49.0 9661
0 4.00062 -48.5 9669
0 3.97608 -48.5 9679
0 3.99449 -48.5 9688
0 3.98221 -48.5 9697
0 4.00062 -48.5 9706
0 3.97608 -48.5 9715
0 4.01903 -49.0 9724
0 3.97608 -48.5 9734
0 4.00062 -48.5 9742
0 3.98835 -49.0 9752
0 3.97608 -48.5 9763
0 3.96994 -48.5 9772
0 4.00062 -49.0 9782
0 3.98835 -48.5 9792
0 3.99449 -48.5 9803
0 3.95767 -48.5 9812
0 4.03130 -48.5 9821
0 3.97608 -48.5 9831
0 4.01289 -49.0 9840
0 4.03130 -49.0 9851
0 4.00062 -49.0 9860
0 4.01903 -49.0 9870
0 4.01289 -48.5 9879
0 3.99449 -49.0 9888
0 3.95767 -48.5 9897
0 4.01289 -48.5 9907
0 3.98835 -48.5 9917
0 3.98221 -49.0 9926
0 4.00676 -49.0 9935
