0 3.76132 -48.0 0
0 3.81041 -48.0 10
0 3.77973 -48.0 20
0 3.78586 -48.0 29
0 3.77359 -48.0 39
0 3.78586 -48.0 48
0 3.81041 -48.0 57
0 3.82268 -48.0 67
0 3.80427 -48.0 82
0 3.82268 -48.0 91
0 3.79814 -48.0 100
0 3.78586 -48.0 110
0 3.76746 -48.0 118
0 3.79200 -48.0 128
0 3.77973 -48.0 137
0 3.82882 -48.0 146
0 3.77359 -48.0 155
0 3.87177 -48.0 166
0 3.79200 -48.0 179
0 3.82268 -48.0 188
0 3.83495 -48.0 197
0 3.80427 -48.0 208
0 3.75518 -48.0 217
0 3.84109 -48.0 226
0 3.83495 -48.0 235
0 3.82882 -48.0 244
0 3.78586 -48.0 254
0 3.79200 -48.0 264
0 3.79814 -48.0 275
0 3.82268 -48.0 285
0 3.84109 -48.0 295
0 3.82268 -48.0 304
0 3.78586 -48.0 313
0 3.82882 -48.0 325
0 3.77359 -48.0 336
0 3.83495 -48.0 345
0 3.79200 -48.0 355
0 3.81041 -48.0 364
0 3.77359 -48.0 373
0 3.82268 -48.0 384
0 3.74291 -48.0 393
0 3.80427 -48.0 402
0 3.76746 -48.0 411
0 3.79200 -48.0 421
0 3.82882 -48.0 432
0 3.82268 -48.0 441
0 3.85336 -48.0 453
0 3.84109 -48.0 462
0 3.81654 -48.0 472
0 3.80427 -48.0 483
0 3.81654 -48.0 494
0 3.79814 -48.0 504
0 3.79200 -48.0 513
0 3.82268 -48.0 523
0 3.82268 -47.5 532
0 3.82882 -48.0 546
0 3.82268 -48.0 556
0 3.82268 -48.0 568
0 3.79200 -48.0 577
0 3.82268 -48.0 587
0 3.78586 -48.0 601
0 3.81041 -48.0 612
0 3.80427 -48.0 622
0 3.86563 -48.0 631
0 3.82268 -48.0 640
0 3.84722 -48.0 652
0 3.85336 -48.0 661
0 3.79200 -48.0 670
0 3.88404 -48.0 679
0 3.79200 -48.0 688
0 3.79200 -48.0 698
0 3.84109 -48.0 707
0 3.85950 -48.0 716
0 3.83495 -48.0 725
0 3.83495 -48.0 734
0 3.81041 -48.0 745
0 3.79814 -48.0 754
0 3.84722 -48.0 764
0 3.82268 -48.0 773
0 3.84109 -48.0 786
0 3.85950 -48.0 795
0 3.79200 -48.0 804
0 3.82268 -48.0 815
0 3.82882 -48.0 824
0 3.83495 -48.0 836
0 3.86563 -48.0 845
0 3.88404 -48.0 854
0 3.82882 -48.0 863
0 3.85336 -48.0 874
0 3.85950 -48.0 883
0 3.87177 -48.0 894
0 3.83495 -48.0 903
0 3.87177 -48.0 912
0 3.82882 -48.0 921
0 3.84722 -48.0 931
0 3.86563 -48.0 940
0 3.84109 -48.0 951
0 3.86563 -48.0 962
0 3.85950 -48.0 972
0 3.84722 -48.0 983
0 3.83495 -48.0 994
0 3.85336 -48.0 1003
0 3.85336 -48.0 1012
0 3.86563 -48.0 1021
0 3.85950 -48.0 1032
0 3.89018 -48.0 1042
0 3.84722 -48.0 1052
0 3.80427 -48.0 1061
0 3.84109 -48.0 1072
0 3.85336 -48.0 1082
0 3.90245 -48.0 1093
0 3.85336 -48.0 1103
0 3.87177 -48.0 1112
0 3.84722 -48.0 1123
0 3.82882 -48.0 1132
0 3.90858 -48.0 1141
0 3.82882 -48.0 1151
0 3.85950 -48.0 1161
0 3.86563 -48.0 1170
0 3.88404 -48.0 1179
0 3.87177 -48.0 1190
0 3.79814 -48.0 1199
0 3.85336 -48.0 1208
0 3.84722 -48.0 1219
0 3.88404 -48.0 1228
0 3.84109 -48.0 1237
0 3.85950 -48.0 1247
0 3.83495 -48.0 1257
0 3.85336 -48.0 1266
0 3.85950 -48.0 1275
0 3.84722 -48.0 1285
0 3.79200 -48.0 1294
0 3.82268 -48.0 1305
0 3.82882 -48.0 1314
0 3.84722 -48.0 1323
0 3.85336 -48.0 1332
0 3.82882 -48.0 1341
0 3.87790 -48.0 1356
0 3.85336 -48.0 1367
0 3.82882 -48.0 1376
0 3.81654 -48.0 1387
0 3.85336 -48.0 1396
0 3.86563 -48.0 1406
0 3.85336 -48.0 1416
0 3.89631 -48.0 1425
0 3.82882 -48.0 1436
0 3.85336 -48.0 1445
0 3.82268 -48.0 1454
0 3.85336 -48.0 1463
0 3.83495 -48.0 1474
0 3.83495 -48.0 1483
0 3.85336 -48.0 1493
0 3.87177 -48.0 1502
0 3.85336 -48.0 1511
0 3.82882 -48.0 1523
0 3.84722 -48.0 1532
0 3.82268 -48.0 1541
0 3.82882 -48.0 1550
0 3.85336 -48.0 1559
0 3.84722 -48.0 1569
0 3.84722 -48.0 1582
0 3.84722 -48.0 1591
0 3.82882 -48.0 1602
0 3.89018 -48.0 1611
0 3.84722 -48.0 1620
0 3.86563 -48.0 1630
0 3.82882 -48.0 1640
0 3.87177 -48.0 1649
0 3.85950 -48.0 1662
0 3.82882 -48.0 1671
0 3.85950 -48.0 1683
0 3.87177 -48.0 1693
0 3.81654 -48.0 1702
0 3.79814 -48.0 1712
0 3.84109 -48.0 1721
0 3.85950 -48.0 1731
0 3.86563 -48.0 1740
0 3.84109 -48.0 1749
0 3.87790 -48.0 1759
0 3.78586 -48.0 1768
0 3.84722 -48.0 1777
0 3.84109 -48.0 1786
0 3.85950 -48.0 1796
0 3.84722 -48.0 1807
0 3.85336 -48.0 1817
0 3.86563 -48.0 1826
0 3.87177 -48.0 1835
0 3.85950 -48.0 1845
0 3.84109 -48.0 1855
0 3.81041 -48.0 1864
0 3.85336 -48.0 1877
0 3.83495 -48.0 1909
0 3.89018 -48.0 1918
0 3.86563 -48.0 1927
0 3.89018 -48.0 1936
0 3.84109 -48.0 1945
0 3.85336 -48.0 1954
0 3.87177 -48.0 1963
0 3.84722 -48.0 1973
0 3.85336 -48.0 1982
0 3.80427 -48.0 1991
0 3.85336 -48.0 2000
0 3.85950 -48.0 2009
0 3.88404 -48.0 2018
0 3.86563 -48.0 2027
0 3.77973 -48.0 2036
0 3.83495 -48.0 2046
0 3.84722 -48.0 2055
0 3.84722 -48.0 2064
0 3.82882 -48.0 2073
0 3.81041 -48.0 2082
0 3.83495 -48.0 2092
0 3.84722 -48.0 2102
0 3.88404 -48.0 2112
0 3.79200 -48.0 2123
0 3.82268 -48.0 2133
0 3.84722 -48.0 2142
0 3.80427 -48.0 2151
0 3.89018 -48.0 2161
0 3.82882 -48.0 2170
0 3.84722 -48.0 2179
0 3.88404 -48.0 2188
0 3.86563 -48.0 2201
0 3.89018 -48.0 2211
0 3.78586 -48.0 2220
0 3.82268 -48.0 2229
0 3.81041 -48.0 2238
0 3.77973 -48.0 2249
0 3.84722 -48.0 2259
0 3.87790 -48.0 2268
0 3.85950 -48.0 2279
0 3.87177 -48.0 2292
0 3.83495 -48.0 2302
0 3.83495 -48.0 2312
0 3.88404 -48.0 2321
0 3.82882 -48.0 2331
0 3.82882 -48.0 2343
0 3.83495 -48.0 2354
0 3.84722 -48.0 2363
0 3.83495 -48.0 2377
0 3.85336 -48.0 2386
0 3.83495 -48.0 2397
0 3.84722 -48.0 2409
0 3.84109 -48.0 2418
0 3.77359 -48.0 2427
0 3.79814 -48.0 2437
0 3.81654 -48.0 2446
0 3.82268 -48.0 2456
0 3.83495 -48.0 2465
0 3.85336 -48.0 2481
0 3.77973 -48.0 2490
0 3.85950 -48.0 2499
0 3.83495 -48.0 2516
0 3.83495 -48.0 2526
0 3.83495 -48.0 2535
0 3.84722 -48.0 2544
0 3.82268 -48.0 2553
0 3.82268 -48.0 2562
0 3.82268 -48.0 2572
0 3.82882 -48.0 2581
0 3.83495 -48.0 2591
0 3.77359 -48.0 2600
0 3.83495 -48.0 2609
0 3.87790 -48.0 2618
0 3.82882 -48.0 2630
0 3.80427 -48.0 2639
0 3.84722 -48.0 2652
0 3.83495 -48.0 2663
0 3.79200 -48.0 2672
0 3.75518 -48.0 2681
0 3.83495 -48.0 2690
0 3.79814 -48.0 2699
0 3.80427 -48.0 2709
0 3.82268 -48.0 2721
0 3.75518 -48.0 2730
0 3.85336 -48.0 2740
0 3.81654 -48.0 2751
0 3.84722 -48.0 2761
0 3.76746 -48.0 2771
0 3.79200 -48.0 2782
0 3.79814 -48.0 2791
0 3.85336 -48.0 2800
0 3.77359 -48.0 2809
0 3.78586 -48.0 2818
0 3.82268 -48.0 2827
0 3.81654 -48.0 2836
0 3.82268 -48.0 2845
0 3.81654 -48.0 2854
0 3.88404 -48.0 2865
0 3.82882 -48.0 2875
0 3.80427 -48.0 2884
0 3.82268 -48.0 2895
0 3.79200 -48.0 2904
0 3.77359 -48.0 2913
0 3.84722 -48.0 2922
0 3.82882 -48.0 2931
0 3.77359 -48.0 2942
0 3.82268 -48.0 2952
0 3.81654 -48.0 2961
0 3.85336 -48.0 2973
0 3.82882 -48.0 2984
0 3.74905 -48.0 2993
0 3.76132 -48.0 3002
0 3.82882 -48.0 3011
0 3.77359 -48.0 3020
0 3.80427 -48.0 3030
0 3.80427 -48.0 3042
0 3.76746 -48.0 3052
0 3.81654 -48.0 3061
0 3.77359 -48.0 3074
0 3.77973 -48.0 3083
0 3.87177 -48.0 3092
0 3.79200 -48.0 3103
0 3.79200 -48.0 3112
0 3.74905 -47.5 3122
0 3.78586 -48.0 3131
0 3.75518 -48.0 3141
0 3.77973 -48.0 3153
0 3.77973 -48.0 3167
0 3.75518 -48.0 3176
0 3.79200 -48.0 3187
0 3.77973 -48.0 3196
0 3.77973 -48.0 3205
0 3.75518 -48.0 3214
0 3.77359 -48.0 3223
0 3.76132 -48.0 3232
0 3.82882 -48.0 3241
0 3.77973 -48.0 3251
0 3.74291 -48.0 3260
0 3.77973 -48.0 3269
0 3.73678 -48.0 3278
0 3.77359 -48.0 3287
0 3.75518 -48.0 3298
0 3.76132 -48.0 3307
0 3.76132 -47.5 3316
0 3.79814 -48.0 3325
0 3.76132 -48.0 3339
0 3.78586 -48.0 3348
0 3.75518 -47.5 3357
0 3.75518 -48.0 3367
0 3.74905 -48.0 3376
0 3.76132 -47.5 3388
0 3.74291 -48.0 3397
0 3.77359 -48.0 3407
0 3.75518 -48.0 3416
0 3.78586 -48.0 3426
0 3.76746 -47.5 3435
0 3.75518 -48.0 3446
0 3.76132 -48.0 3455
0 3.76746 -48.0 3464
0 3.81654 -48.0 3474
0 3.76746 -47.5 3483
0 3.77359 -48.0 3493
0 3.76132 -48.0 3502
0 3.74905 -47.5 3512
0 3.76746 -48.0 3521
0 3.76746 -48.0 3530
0 3.73064 -48.0 3539
0 3.75518 -47.5 3548
0 3.77359 -48.0 3560
0 3.74291 -48.0 3569
0 3.74905 -48.0 3580
0 3.71223 -47.5 3592
0 3.77973 -48.0 3601
0 3.74291 -47.5 3611
0 3.76746 -48.0 3622
0 3.75518 -47.5 3633
0 3.73678 -47.5 3642
0 3.77973 -47.5 3652
0 3.76746 -48.0 3661
0 3.74291 -48.0 3671
0 3.70610 -48.0 3680
0 3.73678 -48.0 3691
0 3.76746 -47.5 3701
0 3.73678 -48.0 3710
0 3.75518 -48.0 3720
0 3.76132 -48.0 3729
0 3.74905 -48.0 3738
0 3.74905 -48.0 3747
0 3.73064 -47.5 3756
0 3.76746 -48.0 3768
0 3.75518 -48.0 3778
0 3.74905 -48.0 3806
0 3.74905 -48.0 3815
0 3.75518 -48.0 3824
0 3.76132 -48.0 3834
0 3.74291 -48.0 3844
0 3.74905 -48.0 3856
0 3.81654 -48.0 3865
0 3.73064 -48.0 3874
0 3.78586 -48.0 3883
0 3.73678 -48.0 3894
0 3.73678 -48.0 3903
0 3.70610 -48.0 3916
0 3.71837 -48.0 3925
0 3.74905 -47.5 3934
0 3.71223 -47.5 3943
0 3.72451 -47.5 3952
0 3.74291 -48.0 3962
0 3.74291 -48.0 3971
0 3.73064 -48.0 3980
0 3.71837 -47.5 3989
0 3.75518 -48.0 4000
0 3.74291 -48.0 4009
0 3.71223 -48.0 4022
0 3.73678 -47.5 4031
0 3.70610 -48.0 4041
0 3.73678 -48.0 4051
0 3.73064 -48.0 4060
0 3.71223 -47.5 4069
0 3.69383 -47.5 4078
0 3.68769 -47.5 4087
0 3.69383 -47.5 4097
0 3.68769 -47.5 4107
0 3.71837 -47.5 4116
0 3.71837 -47.5 4127
0 3.69996 -47.5 4137
0 3.69996 -47.5 4148
0 3.72451 -47.5 4157
0 3.71837 -47.5 4168
0 3.72451 -48.0 4178
0 3.68155 -47.5 4187
0 3.69383 -47.5 4196
0 3.70610 -47.5 4207
0 3.71837 -47.5 4220
0 3.75518 -47.5 4229
0 3.69383 -47.5 4239
0 3.72451 -47.5 4248
0 3.69383 -47.5 4258
0 3.66315 -47.5 4267
0 3.66928 -47.5 4277
0 3.66928 -47.5 4289
0 3.69996 -47.5 4299
0 3.68155 -47.5 4308
0 3.66928 -47.5 4317
0 3.63860 -47.5 4326
0 3.67542 -47.5 4338
0 3.69996 -47.5 4347
0 3.68769 -47.5 4361
0 3.67542 -47.5 4370
0 3.68155 -47.5 4379
0 3.64474 -47.5 4390
0 3.66928 -47.5 4400
0 3.66928 -47.5 4409
0 3.68155 -47.5 4420
0 3.69996 -47.5 4429
0 3.69383 -47.5 4438
0 3.68155 -48.0 4447
0 3.67542 -47.5 4456
0 3.69383 -47.5 4466
0 3.66928 -47.5 4475
0 3.68769 -47.5 4484
0 3.68769 -47.5 4493
0 3.67542 -47.5 4504
0 3.65701 -47.5 4513
0 3.68155 -47.5 4524
0 3.71223 -47.5 4534
0 3.69383 -47.5 4543
0 3.70610 -47.5 4553
0 3.69996 -47.5 4562
0 3.69383 -47.5 4572
0 3.69996 -47.5 4581
0 3.67542 -47.5 4590
0 3.69996 -47.5 4600
0 3.73678 -48.0 4609
0 3.69383 -47.5 4619
0 3.71223 -47.5 4629
0 3.68155 -47.5 4638
0 3.70610 -48.0 4647
0 3.71837 -47.5 4656
0 3.69383 -47.5 4665
0 3.70610 -47.5 4676
0 3.68769 -47.5 4685
0 3.71223 -48.0 4694
0 3.71837 -47.5 4703
0 3.72451 -47.5 4714
0 3.73064 -47.5 4723
0 3.69996 -48.0 4732
0 3.68769 -47.5 4742
0 3.66928 -47.5 4753
0 3.69383 -48.0 4762
0 3.68155 -47.5 4773
0 3.69996 -47.5 4782
0 3.74905 -47.5 4791
0 3.70610 -47.5 4800
0 3.70610 -47.5 4809
0 3.76746 -48.0 4819
0 3.69996 -47.5 4829
0 3.73064 -47.5 4840
0 3.73064 -47.5 4849
0 3.71837 -47.5 4858
0 3.73064 -47.5 4868
0 3.70610 -47.5 4877
0 3.71223 -47.5 4887
0 3.73064 -48.0 4898
0 3.73678 -48.0 4907
0 3.71837 -47.5 4918
0 3.70610 -48.0 4927
0 3.74905 -47.5 4937
0 3.71223 -48.0 4947
0 3.74291 -47.5 4957
0 3.73678 -47.5 4966
0 3.75518 -48.0 4976
0 3.74291 -47.5 4986
0 3.74291 -48.0 4995
0 3.76132 -48.0 5004
0 3.74291 -47.5 5016
0 3.76746 -48.0 5026
0 3.76132 -48.0 5036
0 3.77359 -48.0 5048
0 3.83495 -48.0 5057
0 3.79814 -48.0 5067
0 3.79200 -48.0 5077
0 3.82882 -48.0 5086
0 3.84722 -48.0 5095
0 3.85950 -48.0 5108
0 3.79814 -48.0 5117
0 3.83495 -48.0 5126
0 3.80427 -48.0 5137
0 3.85950 -48.0 5146
0 3.85336 -48.0 5156
0 3.84109 -48.0 5165
0 3.86563 -48.0 5174
0 3.86563 -48.0 5183
0 3.88404 -48.0 5192
0 3.81041 -48.0 5203
0 3.87790 -48.0 5212
0 3.79814 -48.0 5224
0 3.82882 -48.0 5233
0 3.85950 -48.0 5243
0 3.79814 -48.0 5253
0 3.86563 -48.0 5262
0 3.84722 -48.0 5271
0 3.85336 -48.0 5280
0 3.86563 -48.0 5289
0 3.89631 -48.0 5298
0 3.85950 -48.0 5309
0 3.86563 -48.0 5318
0 3.95767 -48.0 5328
0 3.88404 -48.0 5339
0 3.90245 -48.0 5347
0 3.87790 -48.0 5356
0 3.89631 -48.0 5366
0 3.90245 -48.0 5375
0 3.90245 -48.0 5384
0 3.90245 -48.5 5394
0 3.93313 -48.0 5403
0 3.92085 -48.0 5412
0 3.92085 -48.5 5422
0 3.88404 -48.0 5431
0 3.94540 -48.0 5440
0 3.93313 -48.5 5450
0 3.93926 -48.5 5460
0 3.93926 -48.5 5469
0 3.90858 -48.5 5478
0 3.96381 -48.5 5490
0 3.93313 -48.5 5499
0 3.93926 -48.5 5508
0 3.92085 -48.0 5517
0 3.95153 -48.0 5526
0 3.96381 -48.5 5535
0 3.93926 -48.5 5545
0 3.97608 -48.5 5553
0 3.96381 -48.5 5564
0 3.98835 -48.5 5573
0 3.95767 -48.0 5582
0 4.00676 -48.5 5592
0 3.97608 -48.0 5601
0 4.00062 -48.0 5610
0 4.06812 -48.0 5619
0 4.00676 -48.0 5630
0 4.01289 -48.0 5639
0 4.03130 -48.0 5648
0 3.98835 -48.0 5659
0 4.03744 -48.0 5669
0 4.02517 -48.0 5678
0 4.05585 -48.0 5702
0 4.09266 -48.0 5711
0 4.04971 -48.0 5722
0 4.04971 -48.0 5734
0 4.06812 -48.0 5743
0 4.06812 -48.0 5754
0 4.06812 -48.0 5763
0 4.01903 -48.0 5773
0 4.06198 -48.0 5783
0 4.03744 -48.0 5792
0 4.11107 -48.0 5801
0 4.05585 -48.0 5810
0 4.06812 -48.0 5820
0 4.06198 -48.0 5829
0 4.08652 -48.0 5838
0 4.07425 -48.0 5848
0 4.09266 -48.0 5858
0 4.07425 -48.0 5867
0 4.11720 -48.0 5878
0 4.08652 -48.0 5889
0 4.06198 -48.0 5898
0 4.09880 -48.0 5908
0 4.09266 -48.0 5917
0 4.07425 -48.0 5927
0 4.10493 -48.0 5940
0 4.07425 -48.0 5950
0 4.10493 -48.0 5959
0 4.07425 -48.0 5969
0 4.12334 -48.0 5980
0 4.08039 -48.0 5989
0 4.05585 -48.0 5999
0 4.11107 -48.0 6009
0 4.16629 -48.0 6019
0 4.12334 -48.0 6028
0 4.08652 -48.0 6037
0 4.20311 -48.0 6046
0 4.10493 -48.0 6055
0 4.11107 -48.0 6064
0 4.09266 -48.0 6074
0 4.11107 -48.0 6083
0 4.04971 -48.0 6093
0 4.08039 -48.0 6104
0 4.09880 -48.0 6115
0 4.09266 -48.0 6124
0 4.08039 -48.0 6134
0 4.11107 -48.0 6143
0 4.08652 -48.0 6155
0 4.11720 -48.0 6164
0 4.11720 -48.0 6174
0 4.15402 -48.0 6183
0 4.09266 -48.0 6193
0 4.08652 -48.0 6205
0 4.09880 -48.0 6221
0 4.06812 -48.0 6230
0 4.11720 -48.0 6241
0 4.10493 -48.0 6252
0 4.06812 -48.0 6262
0 4.11720 -48.0 6271
0 4.11720 -48.0 6280
0 4.08039 -48.0 6289
0 4.10493 -48.0 6298
0 4.09880 -48.0 6309
0 4.11720 -48.0 6319
0 4.11107 -48.0 6329
0 4.12948 -48.0 6341
0 4.09880 -48.0 6350
0 4.12334 -48.0 6360
0 4.09266 -48.0 6373
0 4.09266 -48.0 6382
0 4.12948 -48.0 6391
0 4.10493 -48.0 6400
0 4.11107 -48.0 6410
0 4.10493 -48.0 6419
0 4.09266 -48.0 6428
0 4.10493 -48.0 6437
0 4.12334 -48.0 6446
0 4.10493 -48.0 6455
0 4.14788 -48.0 6465
0 4.09266 -48.0 6475
0 4.14175 -48.0 6484
0 4.12334 -48.0 6493
0 4.12334 -48.0 6502
0 4.13561 -48.0 6511
0 4.11720 -48.0 6521
0 4.10493 -48.0 6531
0 4.11107 -48.0 6541
0 4.09880 -48.0 6550
0 4.14788 -48.0 6562
0 4.09880 -48.0 6572
0 4.08652 -48.0 6583
0 4.06812 -48.0 6592
0 4.09880 -48.0 6601
0 4.10493 -48.0 6611
0 4.11720 -48.0 6619
0 4.11720 -48.0 6629
0 4.10493 -48.0 6639
0 4.11107 -48.0 6650
0 4.11720 -48.0 6661
0 4.09880 -48.0 6671
0 4.10493 -48.0 6679
0 4.12334 -48.0 6690
0 4.12334 -48.0 6699
0 4.11107 -48.0 6710
0 4.12334 -48.0 6719
0 4.14175 -48.0 6730
0 4.12948 -48.0 6739
0 4.08039 -48.0 6748
0 4.09266 -48.0 6758
0 4.09266 -48.0 6768
0 4.10493 -48.0 6778
0 4.12334 -48.0 6787
0 4.12948 -48.0 6796
0 4.13561 -48.0 6809
0 4.17243 -48.0 6818
0 4.13561 -48.0 6827
0 4.14788 -48.0 6838
0 4.14175 -48.0 6847
0 4.15402 -48.0 6858
0 4.11107 -48.0 6867
0 4.12948 -48.0 6876
0 4.13561 -48.0 6885
0 4.13561 -48.0 6894
0 4.16016 -48.0 6906
0 4.16629 -48.0 6915
0 4.16629 -48.0 6927
0 4.13561 -48.0 6936
0 4.16016 -48.0 6946
0 4.16016 -48.0 6955
0 4.16016 -48.0 6964
0 4.12334 -48.0 6973
0 4.19697 -48.0 6985
0 4.17856 -48.0 6996
0 4.17856 -48.0 7007
0 4.16629 -48.0 7018
0 4.16016 -48.0 7027
0 4.17856 -48.0 7037
0 4.24606 -48.0 7047
0 4.19697 -48.0 7056
0 4.14788 -48.0 7065
0 4.17856 -48.0 7074
0 4.17856 -48.0 7083
0 4.18470 -48.0 7092
0 4.20924 -48.0 7101
0 4.17243 -48.0 7114
0 4.23379 -48.0 7123
0 4.23379 -48.0 7132
0 4.19697 -48.0 7143
0 4.17243 -48.0 7152
0 4.21538 -48.0 7161
0 4.25219 -48.0 7172
0 4.18470 -48.0 7182
0 4.20924 -48.0 7192
0 4.14788 -48.0 7201
0 4.20924 -48.0 7210
0 4.21538 -48.0 7219
0 4.22152 -48.0 7229
0 4.20924 -48.0 7239
0 4.23379 -48.0 7250
0 4.16629 -48.0 7259
0 4.17856 -48.0 7268
0 4.19697 -48.0 7277
0 4.19697 -48.0 7288
0 4.22152 -48.0 7297
0 4.24606 -48.0 7306
0 4.20924 -48.0 7316
0 4.16629 -48.0 7326
0 4.20311 -48.0 7336
0 4.19084 -48.0 7347
0 4.23379 -48.0 7357
0 4.19084 -48.0 7366
0 4.17856 -48.0 7376
0 4.19697 -48.0 7384
0 4.19084 -48.0 7395
0 4.22152 -48.0 7406
0 4.15402 -48.0 7415
0 4.18470 -48.0 7424
0 4.25219 -48.0 7433
0 4.23992 -48.0 7442
0 4.22152 -48.0 7451
0 4.20924 -48.0 7460
0 4.23992 -48.0 7473
0 4.25833 -48.0 7482
0 4.20924 -48.0 7491
0 4.23379 -48.0 7501
0 4.24606 -48.0 7512
0 4.22152 -48.0 7523
0 4.28287 -48.0 7532
0 4.25833 -48.0 7542
0 4.22152 -48.0 7552
0 4.23379 -48.0 7560
0 4.24606 -48.0 7572
0 4.24606 -48.0 7582
0 4.26447 -48.0 7599
0 4.30742 -48.0 7611
0 4.27060 -48.0 7622
0 4.25833 -48.0 7631
0 4.25219 -48.0 7640
0 4.26447 -48.0 7649
0 4.27060 -48.0 7658
0 4.25219 -48.0 7667
0 4.25219 -48.0 7677
0 4.28287 -48.0 7686
0 4.29515 -48.0 7696
0 4.24606 -48.0 7708
0 4.28901 -48.0 7717
0 4.27060 -48.0 7726
0 4.26447 -48.0 7736
0 4.25833 -48.0 7747
0 4.25833 -48.0 7756
0 4.26447 -48.0 7766
0 4.25833 -48.0 7775
0 4.28901 -48.0 7786
0 4.26447 -48.0 7795
0 4.24606 -48.0 7804
0 4.28901 -48.0 7813
0 4.27674 -47.5 7822
0 4.21538 -48.0 7832
0 4.27674 -48.0 7841
0 4.27060 -48.0 7850
0 4.29515 -48.0 7859
0 4.28287 -48.0 7868
0 4.25219 -48.0 7878
0 4.26447 -48.0 7887
0 4.31969 -48.0 7898
0 4.27060 -48.0 7908
0 4.27674 -48.0 7918
0 4.30128 -48.0 7927
0 4.26447 -48.0 7937
0 4.27060 -48.0 7946
0 4.31355 -48.0 7956
0 4.23379 -48.0 7965
0 4.24606 -48.0 7974
0 4.25833 -48.0 7983
0 4.21538 -48.0 7994
0 4.24606 -48.0 8004
0 4.25219 -48.0 8014
0 4.24606 -48.0 8023
0 4.25833 -48.0 8033
0 4.25833 -48.0 8047
0 4.27674 -48.0 8056
0 4.27060 -48.0 8065
0 4.27060 -48.0 8074
0 4.30128 -48.0 8084
0 4.28287 -48.0 8094
0 4.27674 -48.0 8104
0 4.25833 -48.0 8116
0 4.25833 -48.0 8125
0 4.28901 -48.0 8134
0 4.26447 -48.0 8143
0 4.27674 -48.0 8152
0 4.27674 -48.0 8162
0 4.23379 -48.0 8170
0 4.27674 -48.0 8181
0 4.28287 -48.0 8190
0 4.27674 -48.0 8199
0 4.27674 -48.0 8208
0 4.23379 -48.0 8218
0 4.25219 -48.0 8228
0 4.26447 -48.0 8237
0 4.21538 -48.0 8246
0 4.27674 -48.0 8255
0 4.23992 -48.0 8264
0 4.27060 -48.0 8278
0 4.27674 -48.0 8289
0 4.27674 -48.0 8299
0 4.27674 -48.0 8308
0 4.28287 -48.0 8319
0 4.25833 -48.0 8328
0 4.26447 -48.0 8338
0 4.25833 -48.0 8347
0 4.25833 -48.0 8356
0 4.23992 -48.0 8366
0 4.28287 -48.0 8376
0 4.24606 -48.0 8385
0 4.25219 -48.0 8394
0 4.24606 -48.0 8403
0 4.27060 -48.0 8413
0 4.22152 -48.0 8423
0 4.22765 -48.0 8432
0 4.21538 -48.0 8441
0 4.22765 -48.0 8452
0 4.25833 -48.0 8462
0 4.25219 -48.0 8472
0 4.26447 -48.0 8481
0 4.28287 -48.0 8490
0 4.28287 -48.0 8500
0 4.23992 -48.0 8510
0 4.24606 -48.0 8519
0 4.26447 -48.0 8528
0 4.24606 -48.0 8537
0 4.23379 -48.0 8548
0 4.24606 -48.0 8557
0 4.23992 -48.0 8566
0 4.28287 -48.0 8576
0 4.22152 -48.0 8585
0 4.23992 -48.0 8595
0 4.25833 -48.0 8604
0 4.21538 -48.0 8615
0 4.25219 -48.0 8629
0 4.23992 -48.0 8638
0 4.26447 -48.0 8647
0 4.25833 -48.0 8658
0 4.23992 -48.0 8667
0 4.26447 -48.0 8677
0 4.25833 -48.0 8686
0 4.25833 -48.0 8696
0 4.23379 -48.0 8706
0 4.23992 -48.0 8718
0 4.21538 -48.0 8728
0 4.22765 -48.0 8737
0 4.17856 -48.0 8747
0 4.23379 -48.0 8757
0 4.27060 -48.0 8767
0 4.28901 -48.0 8776
0 4.20311 -48.0 8785
0 4.23992 -48.0 8795
0 4.23992 -48.0 8804
0 4.21538 -48.0 8813
0 4.23379 -48.0 8823
0 4.23379 -48.0 8832
0 4.25219 -48.0 8843
0 4.22152 -48.0 8857
0 4.26447 -48.0 8866
0 4.24606 -48.0 8875
0 4.23379 -48.0 8886
0 4.23379 -48.0 8895
0 4.25833 -48.0 8904
0 4.19697 -48.0 8915
0 4.19084 -48.0 8924
0 4.19084 -48.0 8936
0 4.22152 -48.0 8944
0 4.23379 -48.0 8954
0 4.25219 -48.0 8963
0 4.23379 -48.0 8972
0 4.22152 -48.0 8982
0 4.23379 -48.0 8993
0 4.24606 -48.0 9003
0 4.19697 -48.0 9014
0 4.20924 -48.0 9023
0 4.19084 -48.0 9033
0 4.20924 -48.0 9043
0 4.20924 -48.0 9052
0 4.23992 -48.0 9062
0 4.18470 -48.0 9071
0 4.19084 -48.0 9081
0 4.20924 -48.0 9090
0 4.20924 -48.0 9099
0 4.23992 -48.0 9108
0 4.25219 -48.0 9118
0 4.25219 -48.0 9127
0 4.22765 -48.0 9139
0 4.25833 -48.0 9148
0 4.23992 -48.0 9157
0 4.26447 -48.0 9166
0 4.23379 -48.0 9176
0 4.27060 -48.0 9185
0 4.24606 -48.0 9194
0 4.19697 -48.0 9203
0 4.24606 -48.0 9212
0 4.25833 -48.0 9222
0 4.22152 -48.0 9234
0 4.28901 -48.0 9243
0 4.23379 -48.0 9252
0 4.23992 -48.0 9262
0 4.21538 -48.0 9270
0 4.23379 -48.0 9280
0 4.22152 -48.0 9289
0 4.28901 -48.0 9298
0 4.22152 -48.0 9308
0 4.17856 -48.0 9317
0 4.19084 -48.0 9326
0 4.22152 -48.0 9336
0 4.18470 -48.0 9346
0 4.17856 -48.0 9355
0 4.24606 -48.0 9364
0 4.17243 -48.0 9373
0 4.27674 -48.0 9386
0 4.23379 -48.0 9395
0 4.21538 -48.0 9405
0 4.19084 -48.0 9415
0 4.22152 -48.0 9424
0 4.18470 -48.0 9434
0 4.23379 -48.0 9445
0 4.21538 -48.0 9457
0 4.20924 -48.0 9466
0 4.19084 -48.0 9475
0 4.22765 -48.0 9484
0 4.21538 -48.0 9498
0 4.17856 -48.0 9507
0 4.25219 -48.0 9516
0 4.22765 -48.0 9526
0 4.21538 -48.0 9536
0 4.16016 -48.0 9545
0 4.23379 -48.0 9555
0 4.20311 -48.0 9565
0 4.20311 -48.0 9574
0 4.19697 -48.0 9586
0 4.21538 -48.0 9597
0 4.17856 -48.0 9608
0 4.19084 -48.0 9618
0 4.13561 -48.0 9627
0 4.20311 -48.0 9637
0 4.20924 -48.0 9648
0 4.18470 -48.0 9658
0 4.17243 -48.0 9666
0 4.16629 -48.0 9677
0 4.15402 -48.0 9686
0 4.19084 -48.0 9700
0 4.13561 -48.0 9709
0 4.16016 -48.0 9718
0 4.16629 -48.0 9728
0 4.16629 -48.0 9737
0 4.14788 -48.0 9747
0 4.18470 -48.0 9756
0 4.14788 -48.0 9765
0 4.17243 -48.0 9776
0 4.16629 -48.0 9785
0 4.16629 -48.0 9794
0 4.15402 -48.0 9803
0 4.12948 -48.0 9813
0 4.12948 -48.0 9821
0 4.20924 -48.0 9830
0 4.12334 -48.0 9841
0 4.15402 -48.0 9850
0 4.15402 -48.0 9859
0 4.14175 -48.0 9869
0 4.14788 -48.0 9878
0 4.09880 -48.0 9887
0 4.11107 -48.0 9896
0 4.11720 -48.0 9907
0 4.11107 -48.0 9916
0 4.12948 -48.0 9926
0 4.06812 -48.0 9936
0 4.13561 -48.0 9945
