0 4.08039 -47.0 0
0 4.04971 -47.0 9
0 4.05585 -47.0 19
0 4.04357 -47.0 28
0 4.06812 -47.0 37
0 4.05585 -47.0 46
0 4.07425 -47.0 57
0 4.10493 -47.0 67
0 4.08652 -47.0 76
0 4.03744 -47.0 85
0 4.03130 -47.0 95
0 4.07425 -47.0 107
0 4.06812 -47.0 117
0 4.06198 -47.0 129
0 4.08039 -47.0 140
0 4.05585 -47.0 150
0 4.08652 -47.0 161
0 4.11107 -47.0 170
0 4.05585 -47.0 179
0 4.09266 -47.0 191
0 4.06198 -47.0 200
0 4.08652 -47.0 209
0 4.06198 -47.0 218
0 4.05585 -47.0 229
0 4.07425 -47.0 238
0 4.08039 -47.0 247
0 4.07425 -47.0 256
0 4.07425 -47.0 265
0 4.06198 -47.0 274
0 4.06198 -47.0 283
0 4.08652 -47.0 295
0 4.06198 -47.0 304
0 4.04357 -47.0 315
0 4.07425 -47.0 324
0 4.06812 -47.0 333
0 4.09266 -47.0 345
0 4.06812 -47.0 355
0 4.05585 -47.0 364
0 4.06812 -47.0 374
0 4.06198 -47.0 383
0 4.06198 -47.0 393
0 4.03130 -47.0 404
0 4.07425 -47.0 413
0 4.03130 -47.0 422
0 4.06812 -47.0 432
0 4.04357 -47.0 441
0 4.02517 -47.0 451
0 4.06812 -47.0 460
0 4.06812 -47.0 469
0 4.04357 -47.0 480
0 4.08039 -47.0 490
0 4.08652 -47.0 499
0 4.04357 -47.0 508
0 4.05585 -47.0 519
0 4.08652 -47.5 528
0 4.03130 -47.0 537
0 4.06198 -47.0 550
0 4.06812 -47.0 558
0 4.09880 -47.0 568
0 4.05585 -47.0 577
0 4.06198 -47.0 586
0 4.06198 -47.0 595
0 4.06812 -47.0 604
0 4.06198 -47.0 613
0 4.05585 -47.0 623
0 4.05585 -47.0 632
0 4.06198 -47.0 643
0 4.05585 -47.0 653
0 4.04971 -47.0 662
0 4.03744 -47.0 671
0 4.11720 -47.0 680
0 4.05585 -47.0 691
0 4.07425 -47.0 701
0 4.03744 -47.0 712
0 4.06812 -47.0 724
0 4.06812 -47.0 733
0 4.06812 -47.0 742
0 4.08652 -47.0 752
0 4.03744 -47.0 766
0 4.09266 -47.0 775
0 4.03744 -47.0 785
0 4.08039 -47.0 796
0 4.08039 -47.0 805
0 4.03744 -47.0 814
0 4.06812 -47.0 823
0 4.04971 -47.0 833
0 4.06812 -47.0 842
0 4.04971 -47.0 853
0 4.06812 -47.0 863
0 4.05585 -47.0 873
0 4.04971 -47.0 882
0 4.11107 -47.0 891
0 4.08039 -47.0 900
0 4.08652 -47.0 909
0 4.06198 -47.0 921
0 4.05585 -47.0 930
0 4.04971 -47.0 939
0 4.10493 -47.0 949
0 4.07425 -47.0 958
0 4.09266 -47.0 967
0 4.07425 -47.0 976
0 4.04357 -47.0 985
0 4.05585 -47.0 996
0 4.04971 -47.0 1005
0 4.06812 -47.0 1014
0 4.11107 -47.0 1023
0 4.04357 -47.0 1032
0 4.08652 -47.0 1043
0 4.06198 -47.0 1052
0 4.06198 -47.0 1061
0 4.12334 -47.0 1070
0 4.06812 -47.0 1080
0 4.05585 -47.0 1089
0 4.04971 -47.0 1098
0 4.06812 -47.0 1109
0 4.02517 -47.0 1119
0 4.08039 -47.0 1128
0 4.05585 -47.0 1137
0 4.05585 -47.0 1147
0 4.06198 -47.0 1157
0 4.06812 -47.0 1166
0 4.06812 -47.0 1177
0 4.06812 -47.0 1186
0 4.06198 -47.0 1195
0 4.06198 -47.0 1204
0 4.03744 -47.0 1217
0 4.05585 -47.0 1226
0 4.06812 -47.0 1236
0 4.05585 -47.0 1245
0 4.03744 -47.0 1254
0 4.06812 -47.0 1263
0 4.04357 -47.0 1272
0 4.07425 -47.0 1281
0 4.06812 -47.0 1290
0 4.10493 -47.0 1300
0 4.02517 -47.0 1309
0 4.06812 -47.0 1318
0 4.06198 -47.0 1327
0 4.04357 -47.0 1337
0 4.06198 -47.0 1349
0 4.03130 -47.0 1358
0 4.09266 -47.0 1368
0 4.08039 -47.0 1378
0 4.07425 -47.0 1387
0 4.07425 -47.0 1397
0 4.07425 -47.0 1407
0 4.04357 -47.0 1417
0 4.08039 -47.0 1426
0 4.06812 -47.0 1436
0 4.05585 -47.0 1446
0 4.09266 -47.0 1457
0 4.07425 -47.0 1469
0 4.09266 -47.0 1479
0 4.07425 -47.0 1489
0 4.09880 -47.0 1500
0 4.08039 -47.0 1509
0 4.09880 -47.0 1519
0 4.04971 -47.0 1528
0 4.06812 -47.0 1537
0 4.06198 -47.0 1546
0 4.09880 -47.0 1555
0 4.08039 -47.0 1564
0 4.06812 -47.0 1574
0 4.06198 -47.0 1583
0 4.08652 -47.0 1592
0 4.08652 -47.0 1601
0 4.09880 -47.0 1610
0 4.07425 -47.0 1619
0 4.09266 -47.0 1629
0 4.07425 -47.0 1638
0 4.09880 -47.0 1647
0 4.07425 -47.0 1658
0 4.10493 -47.0 1668
0 4.06812 -47.0 1678
0 4.09880 -47.0 1686
0 4.06812 -47.0 1696
0 4.07425 -47.0 1705
0 4.10493 -47.0 1716
0 4.06198 -47.0 1725
0 4.08652 -47.0 1734
0 4.13561 -47.0 1743
0 4.09880 -47.0 1757
0 4.09266 -47.0 1767
0 4.09266 -47.0 1777
0 4.10493 -47.0 1787
0 4.04971 -47.0 1796
0 4.13561 -47.0 1805
0 4.10493 -47.0 1814
0 4.07425 -47.0 1825
0 4.07425 -47.0 1836
0 4.08652 -47.0 1845
0 4.06812 -47.0 1853
0 4.15402 -47.0 1863
0 4.10493 -47.0 1872
0 4.09880 -47.0 1881
0 4.07425 -47.5 1903
0 4.08652 -47.0 1913
0 4.05585 -47.0 1922
0 4.09266 -47.0 1931
0 4.09266 -47.0 1940
0 4.08039 -47.0 1950
0 4.10493 -47.5 1959
0 4.12334 -47.0 1968
0 4.08039 -47.0 1977
0 4.08652 -47.0 1986
0 4.11720 -47.0 1995
0 4.11107 -47.0 2004
0 4.06812 -47.0 2014
0 4.09880 -47.0 2023
0 4.07425 -47.0 2032
0 4.07425 -47.0 2041
0 4.12334 -47.0 2052
0 4.08039 -47.0 2061
0 4.12948 -47.0 2070
0 4.08039 -47.0 2082
0 4.07425 -47.0 2092
0 4.10493 -47.0 2101
0 4.07425 -47.5 2110
0 4.10493 -47.0 2119
0 4.13561 -47.0 2128
0 4.11720 -47.0 2137
0 4.08652 -47.0 2146
0 4.10493 -47.5 2159
0 4.09880 -47.5 2170
0 4.08039 -47.0 2179
0 4.08652 -47.0 2189
0 4.06812 -47.0 2200
0 4.13561 -47.5 2209
0 4.11720 -47.0 2218
0 4.12948 -47.5 2227
0 4.12948 -47.0 2237
0 4.09880 -47.0 2245
0 4.09880 -47.5 2255
0 4.11107 -47.0 2264
0 4.11720 -47.0 2273
0 4.17856 -47.0 2282
0 4.12334 -47.5 2291
0 4.14788 -47.0 2300
0 4.10493 -47.0 2310
0 4.09266 -47.5 2319
0 4.16016 -47.0 2329
0 4.10493 -47.0 2338
0 4.16016 -47.0 2347
0 4.14175 -47.0 2358
0 4.12334 -47.5 2368
0 4.09266 -47.0 2379
0 4.13561 -47.0 2387
0 4.12948 -47.5 2397
0 4.12334 -47.5 2406
0 4.11107 -47.0 2415
0 4.11720 -47.5 2424
0 4.11720 -47.0 2433
0 4.11107 -47.0 2442
0 4.08652 -47.5 2452
0 4.11720 -47.5 2462
0 4.07425 -47.0 2471
0 4.13561 -47.0 2480
0 4.12334 -47.0 2489
0 4.13561 -47.5 2498
0 4.09266 -47.0 2508
0 4.11720 -47.0 2517
0 4.12334 -47.5 2526
0 4.14175 -47.0 2535
0 4.11107 -47.0 2546
0 4.12948 -47.0 2555
0 4.10493 -47.0 2564
0 4.09880 -47.0 2573
0 4.11720 -47.0 2582
0 4.09266 -47.5 2591
0 4.09880 -47.5 2601
0 4.11107 -47.5 2610
0 4.12334 -47.5 2619
0 4.11107 -47.0 2628
0 4.15402 -47.5 2639
0 4.12334 -47.5 2648
0 4.11720 -47.0 2657
0 4.10493 -47.0 2666
0 4.11720 -47.0 2679
0 4.11107 -47.0 2688
0 4.09266 -47.0 2697
0 4.11107 -47.0 2706
0 4.11720 -47.5 2715
0 4.08652 -47.0 2724
0 4.11720 -47.0 2734
0 4.12334 -47.0 2743
0 4.12948 -47.0 2752
0 4.11107 -47.0 2761
0 4.13561 -47.0 2772
0 4.14788 -47.0 2782
0 4.14788 -47.0 2792
0 4.12948 -47.5 2802
0 4.12334 -47.0 2811
0 4.15402 -47.0 2820
0 4.14788 -47.0 2829
0 4.12948 -47.5 2839
0 4.12948 -47.5 2848
0 4.14175 -47.0 2857
0 4.19697 -47.0 2866
0 4.13561 -47.0 2875
0 4.16629 -47.0 2884
0 4.15402 -47.0 2893
0 4.14175 -47.0 2904
0 4.12948 -47.5 2913
0 4.15402 -47.0 2922
0 4.13561 -47.0 2936
0 4.14175 -47.0 2945
0 4.16016 -47.5 2955
0 4.12334 -47.0 2966
0 4.19697 -47.5 2975
0 4.13561 -47.5 2984
0 4.16016 -47.5 2993
0 4.14788 -47.5 3002
0 4.14788 -47.0 3012
0 4.16629 -47.0 3021
0 4.13561 -47.0 3030
0 4.12334 -47.0 3039
0 4.15402 -47.0 3048
0 4.14788 -47.0 3059
0 4.19084 -47.0 3068
0 4.16016 -47.0 3077
0 4.17243 -47.0 3087
0 4.18470 -47.5 3095
0 4.20924 -47.0 3106
0 4.16016 -47.5 3118
0 4.15402 -47.5 3127
0 4.18470 -47.0 3136
0 4.16016 -47.0 3145
0 4.16629 -47.5 3154
0 4.20311 -47.0 3163
0 4.17243 -47.0 3172
0 4.15402 -47.0 3181
0 4.17243 -47.5 3191
0 4.18470 -47.5 3200
0 4.16016 -47.5 3209
0 4.14788 -47.0 3220
0 4.17243 -47.0 3229
0 4.16016 -47.5 3239
0 4.18470 -47.5 3249
0 4.17243 -47.0 3258
0 4.17856 -47.5 3267
0 4.12334 -47.0 3276
0 4.17856 -47.5 3286
0 4.17243 -47.5 3295
0 4.17243 -47.0 3305
0 4.16629 -47.5 3314
0 4.16016 -47.5 3323
0 4.21538 -47.5 3333
0 4.18470 -47.0 3342
0 4.14788 -47.0 3351
0 4.22152 -47.5 3360
0 4.18470 -47.5 3369
0 4.17243 -47.0 3380
0 4.16016 -47.0 3389
0 4.14788 -47.0 3399
0 4.17243 -47.5 3408
0 4.20924 -47.0 3418
0 4.17856 -47.5 3427
0 4.16629 -47.5 3436
0 4.17856 -47.5 3447
0 4.17856 -47.5 3456
0 4.14175 -47.5 3465
0 4.21538 -47.5 3474
0 4.16016 -47.5 3483
0 4.19084 -47.5 3493
0 4.16016 -47.5 3503
0 4.16629 -47.5 3512
0 4.17856 -47.5 3521
0 4.20924 -47.5 3530
0 4.14175 -47.5 3539
0 4.17243 -47.5 3548
0 4.17243 -47.5 3557
0 4.15402 -47.0 3566
0 4.18470 -47.5 3576
0 4.18470 -47.0 3585
0 4.17243 -47.5 3594
0 4.17856 -47.5 3604
0 4.16629 -47.5 3613
0 4.19084 -47.5 3622
0 4.17856 -47.5 3631
0 4.16016 -47.0 3642
0 4.14788 -47.0 3651
0 4.17243 -47.5 3660
0 4.17856 -47.5 3671
0 4.18470 -47.5 3681
0 4.18470 -47.0 3690
0 4.18470 -47.0 3700
0 4.18470 -47.5 3709
0 4.22152 -47.0 3718
0 4.19084 -47.5 3727
0 4.17243 -47.5 3737
0 4.14788 -47.5 3746
0 4.17856 -47.5 3756
0 4.17856 -47.5 3766
0 4.16016 -47.5 3775
0 4.14788 -47.0 3784
0 4.20924 -47.5 3802
0 4.18470 -47.5 3811
0 4.22152 -47.5 3822
0 4.20311 -47.5 3831
0 4.22152 -47.5 3840
0 4.19084 -47.0 3849
0 4.20924 -47.5 3860
0 4.23992 -47.5 3871
0 4.19697 -47.5 3882
0 4.19697 -47.5 3894
0 4.19084 -47.5 3903
0 4.17243 -47.5 3912
0 4.17856 -47.0 3921
0 4.17856 -47.5 3931
0 4.17243 -47.5 3941
0 4.22152 -47.5 3950
0 4.17856 -47.5 3960
0 4.20924 -47.5 3969
0 4.19697 -47.5 3978
0 4.20924 -47.0 3987
0 4.19697 -47.5 3996
0 4.21538 -47.5 4005
0 4.16016 -47.5 4015
0 4.20311 -47.5 4024
0 4.22152 -47.5 4033
0 4.19084 -47.5 4043
0 4.17856 -47.5 4052
0 4.20924 -47.5 4061
0 4.17856 -47.5 4071
0 4.21538 -47.5 4080
0 4.21538 -47.5 4089
0 4.21538 -47.5 4098
0 4.19697 -47.5 4107
0 4.20924 -47.5 4116
0 4.22765 -47.5 4127
0 4.23379 -47.5 4136
0 4.19697 -47.5 4145
0 4.19697 -47.5 4154
0 4.20924 -47.5 4164
0 4.19697 -47.5 4173
0 4.20311 -47.5 4182
0 4.22152 -47.5 4192
0 4.19084 -47.5 4201
0 4.19084 -47.5 4210
0 4.19084 -47.0 4221
0 4.19084 -47.5 4230
0 4.20311 -47.5 4240
0 4.21538 -47.5 4249
0 4.19084 -47.0 4263
0 4.22152 -47.5 4272
0 4.22152 -47.5 4284
0 4.17856 -47.5 4296
0 4.23379 -47.5 4305
0 4.22765 -47.5 4314
0 4.21538 -47.5 4325
0 4.17856 -47.5 4336
0 4.22152 -47.5 4345
0 4.20924 -47.5 4354
0 4.19697 -47.5 4363
0 4.21538 -47.5 4372
0 4.20311 -47.5 4381
0 4.20924 -47.5 4390
0 4.22152 -47.5 4399
0 4.15402 -47.5 4409
0 4.19084 -47.5 4418
0 4.19084 -47.5 4427
0 4.20924 -47.5 4437
0 4.20311 -47.5 4448
0 4.22765 -47.0 4457
0 4.21538 -47.5 4466
0 4.20924 -47.5 4476
0 4.17856 -47.5 4486
0 4.19084 -47.5 4495
0 4.18470 -47.5 4504
0 4.20311 -47.5 4513
0 4.17856 -47.5 4522
0 4.20311 -47.5 4531
0 4.19084 -47.5 4542
0 4.16016 -47.5 4553
0 4.19084 -47.5 4563
0 4.19697 -47.5 4571
0 4.16016 -47.5 4581
0 4.15402 -47.5 4590
0 4.18470 -47.5 4599
0 4.16629 -47.5 4608
0 4.19084 -47.5 4619
0 4.18470 -47.5 4628
0 4.19697 -47.5 4637
0 4.16629 -47.5 4649
0 4.13561 -47.5 4658
0 4.18470 -47.5 4667
0 4.18470 -47.5 4676
0 4.20311 -47.5 4687
0 4.16629 -47.5 4699
0 4.19084 -47.5 4708
0 4.15402 -47.0 4717
0 4.17243 -47.5 4729
0 4.17856 -47.5 4738
0 4.16016 -47.5 4748
0 4.16629 -47.5 4758
0 4.16629 -47.5 4768
0 4.19697 -47.5 4778
0 4.16016 -47.5 4789
0 4.17856 -47.5 4798
0 4.14175 -47.5 4807
0 4.12334 -47.5 4817
0 4.18470 -47.5 4827
0 4.15402 -47.5 4837
0 4.18470 -47.5 4846
0 4.17243 -47.5 4859
0 4.16016 -47.5 4868
0 4.15402 -47.5 4877
0 4.20311 -47.5 4888
0 4.18470 -47.5 4897
0 4.14788 -47.5 4906
0 4.10493 -47.5 4915
0 4.16016 -47.5 4924
0 4.15402 -47.5 4936
0 4.16016 -47.5 4945
0 4.12334 -47.5 4955
0 4.15402 -47.5 4964
0 4.14175 -47.5 4974
0 4.16016 -47.5 4983
0 4.12334 -47.5 4991
0 4.14175 -47.5 5001
0 4.14788 -47.5 5011
0 4.11720 -47.5 5020
0 4.12334 -47.5 5029
0 4.11720 -47.5 5040
0 4.14175 -47.5 5049
0 4.12948 -47.5 5058
0 4.11107 -47.5 5067
0 4.10493 -47.5 5077
0 4.16016 -47.5 5085
0 4.12334 -47.5 5096
0 4.09266 -47.5 5105
0 4.13561 -47.5 5115
0 4.07425 -47.5 5127
0 4.12948 -47.5 5138
0 4.14175 -47.5 5147
0 4.08039 -47.5 5156
0 4.10493 -47.5 5166
0 4.14175 -47.5 5176
0 4.10493 -47.5 5185
0 4.12948 -47.5 5195
0 4.12334 -47.5 5204
0 4.12334 -47.5 5215
0 4.09880 -47.5 5224
0 4.11107 -47.5 5234
0 4.08652 -47.5 5246
0 4.10493 -47.5 5257
0 4.12948 -47.5 5268
0 4.11720 -47.5 5277
0 4.08039 -47.5 5289
0 4.08039 -47.5 5300
0 4.08039 -47.5 5309
0 4.09880 -47.5 5321
0 4.06812 -47.5 5332
0 4.09880 -47.5 5343
0 4.09266 -47.5 5354
0 4.09880 -47.5 5364
0 4.12948 -47.5 5376
0 4.14175 -47.5 5385
0 4.07425 -47.5 5394
0 4.07425 -47.5 5404
0 4.09266 -47.5 5414
0 4.09266 -47.5 5423
0 4.07425 -47.5 5432
0 4.11720 -47.5 5443
0 4.11720 -47.5 5452
0 4.08652 -47.5 5461
0 4.08652 -47.5 5470
0 4.06812 -47.5 5479
0 4.11107 -47.5 5488
0 4.13561 -47.5 5498
0 4.10493 -47.5 5507
0 4.13561 -47.5 5516
0 4.10493 -47.5 5525
0 4.09880 -47.5 5535
0 4.10493 -47.5 5545
0 4.10493 -47.5 5556
0 4.09266 -47.5 5565
0 4.12948 -47.5 5574
0 4.09880 -47.5 5583
0 4.07425 -47.5 5592
0 4.13561 -47.5 5601
0 4.11107 -47.5 5612
0 4.16629 -47.5 5623
0 4.12948 -47.5 5632
0 4.11720 -47.5 5643
0 4.10493 -47.5 5652
0 4.10493 -47.5 5661
0 4.09880 -47.5 5670
0 4.11107 -47.5 5679
0 4.11107 -47.5 5702
0 4.09880 -47.5 5711
0 4.09266 -47.5 5720
0 4.11107 -47.5 5729
0 4.09880 -47.5 5740
0 4.09266 -47.5 5749
0 4.12334 -47.5 5758
0 4.06812 -47.5 5767
0 4.12334 -47.5 5776
0 4.09880 -47.5 5785
0 4.07425 -47.5 5797
0 4.11107 -47.5 5806
0 4.12334 -47.5 5816
0 4.09880 -47.5 5825
0 4.10493 -47.5 5835
0 4.12948 -47.5 5844
0 4.12948 -47.5 5856
0 4.11720 -47.5 5866
0 4.12334 -47.5 5875
0 4.11720 -47.5 5884
0 4.12948 -47.5 5895
0 4.09880 -47.5 5904
0 4.10493 -47.5 5913
0 4.15402 -47.5 5923
0 4.14175 -47.5 5933
0 4.11107 -47.5 5942
0 4.10493 -47.5 5952
0 4.11107 -47.5 5961
0 4.12334 -47.5 5971
0 4.11720 -47.5 5985
0 4.10493 -47.5 5995
0 4.14175 -47.5 6007
0 4.10493 -47.5 6016
0 4.09266 -47.5 6025
0 4.12334 -47.5 6036
0 4.09880 -47.5 6046
0 4.12334 -47.5 6055
0 4.11107 -47.5 6065
0 4.11107 -47.5 6075
0 4.10493 -47.5 6085
0 4.08039 -47.5 6093
0 4.11107 -47.5 6103
0 4.11720 -47.5 6112
0 4.10493 -47.5 6121
0 4.10493 -47.5 6131
0 4.11107 -47.5 6140
0 4.10493 -47.5 6150
0 4.06812 -47.5 6159
0 4.11720 -47.5 6168
0 4.12334 -47.5 6178
0 4.10493 -47.5 6188
0 4.11107 -47.5 6197
0 4.11720 -47.5 6206
0 4.06198 -47.5 6215
0 4.14175 -47.5 6225
0 4.11720 -47.5 6234
0 4.10493 -47.5 6243
0 4.09266 -47.5 6253
0 4.11107 -47.5 6264
0 4.09266 -47.5 6273
0 4.08039 -47.5 6283
0 4.11720 -47.5 6292
0 4.13561 -47.5 6301
0 4.12334 -47.5 6311
0 4.08652 -47.5 6320
0 4.11107 -47.5 6329
0 4.13561 -47.5 6339
0 4.09266 -47.5 6349
0 4.10493 -47.5 6358
0 4.08652 -47.5 6368
0 4.10493 -47.5 6377
0 4.11720 -47.5 6386
0 4.10493 -47.5 6397
0 4.12948 -47.5 6407
0 4.06812 -47.5 6417
0 4.10493 -47.5 6427
0 4.12948 -47.5 6436
0 4.12948 -47.5 6445
0 4.09266 -47.5 6454
0 4.11720 -47.5 6464
0 4.12334 -47.5 6474
0 4.10493 -47.5 6483
0 4.09880 -47.5 6492
0 4.11107 -47.5 6501
0 4.13561 -47.5 6512
0 4.10493 -47.5 6521
0 4.13561 -47.5 6533
0 4.10493 -47.5 6542
0 4.11720 -47.5 6551
0 4.10493 -47.5 6560
0 4.11107 -47.5 6570
0 4.12334 -47.5 6580
0 4.11107 -47.5 6591
0 4.06812 -47.5 6603
0 4.13561 -47.5 6612
0 4.12948 -47.5 6623
0 4.12948 -47.5 6632
0 4.12948 -47.5 6644
0 4.09266 -47.5 6653
0 4.12948 -47.5 6662
0 4.08652 -47.5 6671
0 4.12334 -47.5 6680
0 4.12948 -47.5 6691
0 4.13561 -47.5 6704
0 4.13561 -47.5 6713
0 4.07425 -47.5 6724
0 4.12948 -47.5 6735
0 4.12948 -47.5 6744
0 4.18470 -47.5 6753
0 4.12334 -47.5 6762
0 4.16629 -47.5 6771
0 4.11107 -47.5 6781
0 4.11107 -47.5 6789
0 4.07425 -47.5 6799
0 4.08652 -47.5 6808
0 4.12948 -47.5 6817
0 4.11720 -47.5 6826
0 4.11107 -47.5 6836
0 4.14788 -47.5 6845
0 4.12948 -47.5 6854
0 4.11720 -47.5 6863
0 4.09266 -47.5 6872
0 4.12948 -47.5 6883
0 4.14175 -47.5 6892
0 4.13561 -47.5 6903
0 4.14175 -47.5 6912
0 4.14175 -47.5 6923
0 4.11720 -47.5 6933
0 4.11107 -47.5 6942
0 4.11720 -47.5 6952
0 4.13561 -47.5 6961
0 4.09880 -47.5 6971
0 4.11720 -47.5 6980
0 4.13561 -47.5 6989
0 4.16629 -47.5 6998
0 4.11720 -47.5 7007
0 4.11720 -47.5 7019
0 4.13561 -47.5 7028
0 4.12948 -47.5 7037
0 4.14788 -47.5 7048
0 4.08652 -47.5 7057
0 4.14175 -47.5 7066
0 4.14788 -47.5 7078
0 4.15402 -47.5 7087
0 4.12334 -47.5 7098
0 4.12334 -47.5 7107
0 4.07425 -47.5 7116
0 4.14788 -47.5 7128
0 4.12334 -47.5 7137
0 4.09880 -47.5 7146
0 4.16629 -47.5 7156
0 4.11107 -47.5 7168
0 4.06198 -47.5 7177
0 4.12334 -47.5 7188
0 4.12948 -47.5 7197
0 4.17243 -47.5 7206
0 4.10493 -47.5 7215
0 4.14788 -47.5 7224
0 4.12948 -47.5 7234
0 4.09880 -47.5 7244
0 4.14175 -47.5 7253
0 4.12334 -47.5 7265
0 4.11720 -47.5 7276
0 4.12948 -47.5 7286
0 4.14175 -47.5 7297
0 4.16016 -47.5 7310
0 4.08039 -47.5 7319
0 4.12334 -47.5 7328
0 4.11107 -47.5 7337
0 4.12948 -47.5 7346
0 4.14175 -47.5 7355
0 4.15402 -47.5 7364
0 4.12948 -47.5 7374
0 4.12334 -47.5 7383
0 4.16016 -47.5 7392
0 4.11720 -47.5 7403
0 4.11107 -47.5 7414
0 4.09266 -47.5 7423
0 4.09880 -47.5 7432
0 4.16629 -47.5 7442
0 4.12334 -47.5 7451
0 4.11107 -47.5 7460
0 4.14175 -47.5 7469
0 4.09880 -47.5 7479
0 4.13561 -47.5 7490
0 4.09266 -47.5 7499
0 4.10493 -47.5 7508
0 4.12334 -47.5 7517
0 4.12948 -47.5 7526
0 4.08652 -47.5 7535
0 4.14788 -47.5 7545
0 4.11720 -47.5 7554
0 4.12948 -47.5 7563
0 4.10493 -47.5 7573
0 4.13561 -47.5 7583
0 4.14175 -47.5 7606
0 4.12948 -47.5 7615
0 4.11720 -47.5 7624
0 4.08039 -47.5 7633
0 4.13561 -47.5 7642
0 4.13561 -47.5 7651
0 4.11720 -47.5 7661
0 4.12948 -47.5 7672
0 4.11107 -47.5 7681
0 4.11107 -47.5 7691
0 4.11720 -47.5 7700
0 4.10493 -47.5 7710
0 4.13561 -47.5 7722
0 4.12948 -47.5 7733
0 4.12334 -47.5 7742
0 4.14175 -47.5 7751
0 4.11720 -47.5 7760
0 4.11720 -47.5 7771
0 4.12948 -47.5 7780
0 4.09880 -47.5 7790
0 4.12948 -47.5 7799
0 4.07425 -47.5 7808
0 4.11720 -47.5 7818
0 4.17243 -47.5 7828
0 4.12948 -47.5 7837
0 4.11107 -47.5 7847
0 4.08039 -47.5 7857
0 4.12334 -47.5 7866
0 4.12948 -47.5 7880
0 4.11720 -47.5 7890
0 4.10493 -47.5 7899
0 4.08652 -47.5 7909
0 4.14175 -47.5 7919
0 4.11107 -47.5 7928
0 4.13561 -47.5 7939
0 4.11720 -47.5 7949
0 4.11720 -47.5 7961
0 4.14175 -47.5 7970
0 4.12334 -47.5 7984
0 4.11720 -47.5 7993
0 4.11107 -47.5 8002
0 4.13561 -47.5 8013
0 4.11107 -47.5 8024
0 4.12334 -47.5 8033
0 4.10493 -47.5 8042
0 4.14175 -47.5 8051
0 4.15402 -47.5 8060
0 4.10493 -47.5 8070
0 4.11107 -47.5 8079
0 4.12334 -47.5 8088
0 4.12334 -48.0 8098
0 4.09266 -47.5 8107
0 4.11107 -47.5 8116
0 4.16016 -47.5 8125
0 4.11107 -48.0 8134
0 4.10493 -47.5 8148
0 4.13561 -47.5 8157
0 4.07425 -47.5 8167
0 4.11720 -47.5 8178
0 4.11720 -47.5 8187
0 4.12948 -47.5 8197
0 4.14175 -47.5 8205
0 4.14175 -47.5 8215
0 4.08039 -47.5 8224
0 4.11720 -47.5 8233
0 4.10493 -47.5 8244
0 4.13561 -47.5 8254
0 4.08652 -48.0 8264
0 4.09880 -47.5 8273
0 4.15402 -47.5 8283
0 4.11720 -47.5 8292
0 4.14175 -47.5 8303
0 4.11720 -47.5 8312
0 4.11107 -47.5 8323
0 4.12948 -47.5 8333
0 4.16629 -47.5 8343
0 4.09266 -47.5 8352
0 4.11107 -47.5 8362
0 4.10493 -47.5 8372
0 4.14175 -47.5 8382
0 4.14788 -47.5 8391
0 4.09266 -47.5 8400
0 4.09266 -47.5 8411
0 4.14788 -47.5 8421
0 4.14788 -47.5 8431
0 4.09266 -47.5 8440
0 4.10493 -47.5 8449
0 4.09266 -47.5 8458
0 4.14788 -47.5 8468
0 4.14175 -48.0 8477
0 4.14788 -48.0 8486
0 4.10493 -47.5 8500
0 4.12948 -47.5 8513
0 4.13561 -48.0 8523
0 4.12948 -47.5 8532
0 4.10493 -47.5 8543
0 4.16016 -47.5 8552
0 4.12334 -47.5 8562
0 4.13561 -47.5 8573
0 4.11107 -47.5 8582
0 4.09266 -47.5 8591
0 4.11720 -47.5 8600
0 4.10493 -47.5 8611
0 4.12948 -47.5 8620
0 4.09880 -47.5 8629
0 4.12334 -47.5 8638
0 4.12948 -47.5 8647
0 4.12334 -47.5 8656
0 4.14175 -47.5 8667
0 4.14175 -47.5 8676
0 4.14788 -47.5 8685
0 4.13561 -47.5 8694
0 4.14175 -47.5 8703
0 4.14788 -47.5 8712
0 4.11720 -47.5 8723
0 4.11720 -47.5 8734
0 4.13561 -47.5 8743
0 4.15402 -47.5 8754
0 4.14788 -47.5 8763
0 4.11107 -47.5 8772
0 4.14788 -47.5 8781
0 4.11107 -47.5 8792
0 4.14788 -47.5 8801
0 4.14788 -47.5 8810
0 4.07425 -47.5 8819
0 4.13561 -47.5 8829
0 4.10493 -47.5 8838
0 4.14175 -47.5 8848
0 4.10493 -47.5 8858
0 4.16629 -47.5 8868
0 4.09266 -47.5 8881
0 4.12334 -47.5 8890
0 4.09266 -47.5 8901
0 4.16629 -47.5 8915
0 4.13561 -47.5 8926
0 4.14788 -47.5 8935
0 4.12948 -47.5 8944
0 4.10493 -47.5 8955
0 4.14175 -47.5 8964
0 4.11720 -47.5 8977
0 4.08652 -47.5 8986
0 4.12948 -47.5 8995
0 4.12948 -47.5 9004
0 4.14175 -47.5 9013
0 4.11720 -47.5 9022
0 4.12334 -47.5 9032
0 4.14788 -47.5 9041
0 4.11720 -47.5 9050
0 4.09266 -47.5 9059
0 4.13561 -47.5 9072
0 4.15402 -47.5 9081
0 4.15402 -47.5 9092
0 4.08652 -47.5 9101
0 4.13561 -47.5 9110
0 4.16016 -47.0 9119
0 4.12334 -47.5 9129
0 4.12334 -47.5 9138
0 4.12948 -47.5 9147
0 4.12334 -47.5 9156
0 4.15402 -47.5 9165
0 4.16016 -47.5 9174
0 4.15402 -47.5 9183
0 4.13561 -47.5 9192
0 4.14788 -47.5 9205
0 4.11720 -47.5 9214
0 4.11107 -47.5 9223
0 4.15402 -47.5 9232
0 4.12948 -47.5 9241
0 4.12334 -47.5 9253
0 4.15402 -47.5 9262
0 4.14788 -47.5 9272
0 4.11107 -47.5 9282
0 4.10493 -47.5 9293
0 4.12948 -47.5 9302
0 4.12948 -47.5 9312
0 4.08652 -47.5 9321
0 4.15402 -47.5 9330
0 4.14788 -47.5 9339
0 4.11720 -47.5 9348
0 4.17243 -47.5 9358
0 4.14788 -47.5 9367
0 4.08652 -47.5 9376
0 4.15402 -47.5 9386
0 4.13561 -47.5 9395
0 4.11720 -47.5 9405
0 4.12334 -47.5 9414
0 4.12334 -47.5 9424
0 4.15402 -47.5 9433
0 4.12334 -47.5 9442
0 4.14175 -47.5 9452
0 4.12334 -47.5 9461
0 4.12948 -47.5 9470
0 4.13561 -47.5 9480
0 4.12334 -47.5 9503
0 4.11107 -47.5 9512
0 4.09880 -47.5 9521
0 4.14175 -47.5 9530
0 4.14175 -47.5 9540
0 4.09880 -47.5 9550
0 4.12334 -47.5 9560
0 4.10493 -47.5 9570
0 4.08652 -47.5 9578
0 4.11720 -47.5 9589
0 4.12948 -47.5 9598
0 4.14175 -47.5 9607
0 4.14788 -47.5 9618
0 4.12948 -47.5 9627
0 4.13561 -47.5 9636
0 4.09266 -47.5 9645
0 4.14788 -47.5 9654
0 4.12948 -47.5 9663
0 4.12948 -47.5 9673
0 4.11107 -47.5 9683
0 4.14175 -47.5 9692
0 4.08039 -47.0 9702
0 4.12334 -47.5 9712
0 4.09266 -47.5 9723
0 4.11720 -47.0 9732
0 4.13561 -47.5 9744
0 4.14788 -47.5 9753
0 4.09880 -47.5 9762
0 4.08652 -47.5 9771
0 4.11107 -47.5 9780
0 4.10493 -47.5 9790
0 4.11107 -47.0 9799
0 4.08652 -47.5 9808
0 4.13561 -47.5 9817
0 4.11107 -47.5 9827
0 4.11107 -47.5 9837
0 4.12334 -47.5 9847
0 4.14175 -47.5 9856
0 4.11720 -47.5 9865
0 4.08039 -47.5 9876
0 4.11107 -47.5 9886
0 4.11720 -47.0 9896
0 4.08039 -47.5 9905
0 4.05585 -47.5 9914
0 4.11107 -47.5 9923
0 4.08652 -47.5 9933
0 4.08652 -47.5 9941
0 4.12334 -47.5 9951
0 4.08039 -47.5 9961
0 4.08652 -47.5 9970
0 4.09880 -47.5 9979
0 4.08039 -47.5 9990
0 4.11107 -47.5 10001
0 4.11720 -47.5 10010
0 4.11720 -47.5 10019
0 4.12948 -47.5 10028
0 4.12948 -47.0 10037
0 4.09266 -47.0 10046
0 4.11107 -47.0 10056
0 4.09880 -47.5 10065
0 4.11107 -47.5 10074
0 4.10493 -47.5 10083
0 4.12334 -47.5 10093
0 4.08039 -47.5 10101
0 4.14175 -47.5 10112
0 4.11107 -47.5 10122
0 4.14788 -47.5 10130
0 4.05585 -47.5 10140
0 4.08652 -47.5 10150
0 4.11107 -47.5 10159
0 4.06812 -47.5 10168
0 4.12334 -47.5 10177
0 4.09880 -47.5 10187
0 4.12334 -47.5 10196
0 4.08652 -47.5 10205
0 4.11107 -47.5 10215
0 4.12948 -47.0 10225
0 4.06812 -47.5 10234
0 4.10493 -47.5 10243
0 4.11720 -47.5 10252
0 4.08652 -47.5 10261
0 4.11107 -47.5 10271
0 4.09266 -47.0 10280
0 4.12948 -47.5 10290
0 4.11720 -47.5 10299
0 4.10493 -47.5 10308
0 4.10493 -47.5 10317
0 4.09266 -47.5 10327
0 4.08652 -47.5 10336
0 4.06812 -47.5 10346
0 4.11107 -47.5 10355
0 4.11720 -47.5 10364
0 4.08039 -47.5 10374
0 4.08039 -47.5 10383
0 4.07425 -47.5 10392
0 4.12334 -47.5 10401
0 4.10493 -47.5 10411
0 4.09266 -47.5 10422
0 4.12948 -47.5 10432
0 4.11107 -47.5 10442
0 4.09266 -47.5 10452
0 4.11720 -47.5 10462
0 4.07425 -47.5 10471
0 4.07425 -47.5 10482
0 4.07425 -47.5 10492
0 4.11107 -47.5 10502
0 4.09266 -47.5 10512
0 4.08039 -47.5 10521
0 4.08039 -47.5 10533
0 4.08652 -47.5 10545
0 4.09880 -47.5 10553
0 4.08652 -47.5 10565
0 4.09880 -47.5 10574
0 4.07425 -47.5 10583
0 4.10493 -47.5 10592
0 4.06198 -47.5 10601
0 4.09880 -47.5 10611
0 4.08652 -47.5 10621
0 4.10493 -47.5 10631
0 4.08039 -47.5 10641
0 4.12948 -47.5 10651
0 4.09880 -47.5 10661
0 4.06198 -47.5 10670
0 4.09266 -47.5 10681
0 4.09880 -47.5 10690
0 4.05585 -47.5 10699
0 4.08652 -47.5 10708
0 4.08652 -47.5 10721
0 4.04971 -47.5 10730
0 4.11107 -47.5 10740
0 4.09266 -47.5 10751
0 4.08652 -47.5 10761
0 4.10493 -47.5 10770
0 4.09266 -47.5 10782
0 4.06812 -47.5 10791
0 4.06812 -47.5 10800
0 4.09266 -47.5 10809
0 4.09880 -47.5 10818
0 4.08039 -47.5 10829
0 4.09880 -47.5 10839
0 4.09880 -47.5 10848
0 4.07425 -47.5 10857
0 4.04357 -47.5 10866
0 4.03744 -47.5 10877
0 4.07425 -47.5 10886
0 4.10493 -47.5 10897
0 4.06812 -47.5 10906
0 4.08039 -47.5 10915
0 4.08039 -47.5 10925
0 4.06198 -47.5 10934
0 4.04971 -47.5 10946
0 4.10493 -47.5 10956
0 4.09880 -47.5 10966
0 4.05585 -47.5 10975
0 4.08652 -47.5 10984
0 4.11107 -47.5 10993
0 4.04357 -47.5 11002
0 4.09880 -47.5 11013
0 4.04971 -47.5 11022
0 4.06812 -47.5 11031
0 4.09880 -47.5 11040
0 4.07425 -47.5 11049
0 4.08652 -47.5 11058
0 4.03744 -47.5 11067
0 4.04971 -47.5 11077
0 4.08039 -47.5 11087
0 4.06198 -47.5 11098
0 4.06812 -47.5 11106
0 4.08652 -47.5 11117
0 4.04357 -47.5 11126
0 4.09880 -47.5 11135
0 4.09880 -47.5 11144
0 4.03744 -47.5 11153
0 4.12334 -47.5 11163
0 4.09880 -47.5 11173
0 4.04357 -47.5 11182
0 4.09880 -47.5 11193
0 4.09266 -47.5 11202
0 4.09266 -47.5 11211
0 4.09266 -47.5 11220
0 4.08652 -47.5 11229
0 4.09266 -47.5 11239
0 4.09266 -47.5 11248
0 4.09266 -47.5 11257
0 4.08039 -47.5 11266
0 4.04971 -47.5 11277
0 4.09266 -47.5 11286
0 4.08652 -47.5 11295
0 4.08039 -47.5 11304
0 4.06198 -47.5 11313
0 4.11720 -47.5 11324
0 4.08039 -47.5 11334
0 4.11107 -47.5 11346
0 4.11107 -47.5 11356
0 4.09880 -47.5 11365
0 4.03744 -47.0 11376
0 4.06812 -47.5 11399
0 4.06812 -47.5 11408
0 4.07425 -47.5 11417
0 4.08652 -47.5 11426
0 4.09880 -47.5 11435
0 4.04971 -47.5 11445
0 4.06812 -47.0 11454
0 4.07425 -47.5 11463
0 4.06198 -47.5 11478
0 4.09880 -47.5 11487
0 4.06198 -47.0 11496
0 4.06812 -47.5 11506
0 4.08039 -47.5 11518
0 4.08039 -47.0 11528
0 4.07425 -47.5 11537
0 4.05585 -47.5 11548
0 4.10493 -47.5 11558
0 4.08652 -47.5 11567
0 4.09266 -47.5 11576
0 4.08652 -47.5 11585
0 4.08652 -47.5 11596
0 4.13561 -47.0 11605
0 4.11107 -47.0 11614
0 4.09266 -47.0 11625
0 4.09880 -47.0 11634
0 4.09266 -47.0 11643
0 4.11107 -47.0 11653
0 4.03130 -47.5 11661
0 4.12334 -47.5 11672
0 4.09266 -47.5 11682
0 4.11107 -47.5 11692
0 4.11107 -47.0 11701
0 4.09880 -47.5 11711
0 4.09266 -47.5 11719
0 4.07425 -47.0 11729
0 4.03130 -47.5 11738
0 4.04971 -47.5 11748
0 4.06812 -47.0 11757
0 4.04971 -47.0 11766
0 4.09266 -47.5 11776
0 4.08039 -47.5 11785
0 4.10493 -47.5 11795
0 4.11720 -47.5 11804
0 4.08652 -47.0 11814
0 4.09880 -47.5 11823
0 4.05585 -47.0 11832
0 4.07425 -47.5 11842
0 4.10493 -47.0 11851
0 4.08652 -47.0 11860
0 4.07425 -47.0 11872
0 4.10493 -47.5 11881
0 4.10493 -47.5 11891
0 4.04357 -47.5 11901
0 4.11720 -47.0 11910
0 4.09266 -47.0 11919
0 4.08039 -47.0 11930
0 4.08039 -47.0 11940
0 4.09266 -47.0 11951
0 4.09880 -47.0 11961
0 4.09880 -47.5 11970
0 4.08652 -47.5 11980
0 4.06812 -47.5 11989
0 4.08039 -47.5 11999
0 4.09266 -47.0 12008
0 4.06198 -47.0 12019
0 4.09266 -47.0 12028
0 4.11107 -47.0 12037
0 4.07425 -47.0 12048
0 4.10493 -47.5 12057
0 4.08039 -47.0 12066
0 4.10493 -47.5 12075
0 4.08652 -47.5 12084
0 4.06198 -47.0 12094
0 4.06198 -47.5 12103
0 4.06812 -47.0 12112
0 4.10493 -47.5 12122
0 4.08039 -47.0 12132
0 4.08039 -47.0 12141
0 4.11720 -47.0 12150
0 4.08652 -47.5 12159
0 4.11720 -47.5 12168
0 4.05585 -47.0 12177
0 4.09880 -47.0 12187
0 4.05585 -47.0 12197
0 4.10493 -47.0 12206
0 4.07425 -47.0 12215
0 4.11107 -47.0 12226
0 4.11107 -47.0 12236
0 4.14788 -47.0 12246
0 4.10493 -47.0 12257
0 4.11720 -47.0 12266
0 4.08652 -47.5 12275
0 4.06198 -47.0 12284
0 4.06812 -47.0 12294
0 4.11107 -47.0 12305
0 4.07425 -47.0 12314
0 4.11107 -47.0 12323
0 4.12334 -47.0 12333
0 4.05585 -47.0 12341
0 4.06198 -47.5 12351
0 4.09880 -47.0 12361
0 4.11720 -47.0 12370
0 4.11720 -47.0 12379
0 4.06812 -47.0 12389
0 4.09880 -47.0 12398
0 4.11107 -47.0 12411
0 4.08652 -47.0 12420
0 4.07425 -47.0 12430
0 4.09880 -47.0 12439
0 4.09880 -47.0 12448
0 4.09880 -47.0 12457
0 4.09266 -47.0 12466
0 4.07425 -47.0 12475
0 4.09880 -47.0 12484
0 4.06812 -47.0 12494
0 4.07425 -47.0 12503
0 4.08039 -47.0 12512
0 4.11720 -47.0 12522
0 4.06198 -47.0 12533
0 4.09880 -47.0 12543
0 4.10493 -47.0 12551
0 4.06812 -47.0 12562
0 4.09266 -47.0 12573
0 4.08652 -47.0 12582
0 4.09266 -47.0 12592
0 4.12334 -47.0 12602
0 4.06198 -47.0 12611
0 4.08039 -47.0 12620
0 4.09880 -47.0 12629
0 4.11107 -47.0 12638
0 4.09266 -47.0 12650
0 4.09266 -47.0 12659
0 4.09266 -47.0 12668
0 4.12334 -47.0 12679
0 4.08652 -47.0 12689
0 4.06198 -47.0 12698
0 4.09880 -47.0 12708
0 4.10493 -47.0 12717
0 4.11107 -47.0 12727
0 4.11107 -47.0 12738
0 4.07425 -47.0 12747
0 4.11107 -47.0 12756
0 4.10493 -47.0 12765
0 4.08039 -47.0 12774
0 4.08039 -47.0 12783
0 4.08652 -47.0 12793
0 4.08652 -47.0 12804
0 4.11107 -47.0 12813
0 4.12334 -47.0 12824
0 4.05585 -47.0 12834
0 4.09880 -47.0 12843
0 4.12948 -47.0 12852
0 4.12948 -47.0 12864
0 4.10493 -47.5 12873
0 4.09880 -47.0 12884
0 4.08039 -47.0 12893
0 4.04357 -47.0 12903
0 4.10493 -47.0 12912
0 4.06812 -47.0 12922
0 4.09266 -47.0 12930
0 4.09880 -47.0 12939
0 4.10493 -47.0 12949
0 4.08039 -47.0 12958
0 4.05585 -47.0 12967
0 4.10493 -47.0 12976
0 4.09266 -47.0 12985
0 4.09266 -47.0 12994
0 4.12334 -47.0 13004
0 4.08652 -47.0 13013
0 4.11107 -47.0 13022
0 4.08039 -47.0 13033
0 4.06198 -47.0 13042
0 4.08652 -47.0 13055
0 4.12948 -47.0 13064
0 4.11107 -47.0 13074
0 4.09880 -47.0 13084
0 4.09880 -47.0 13093
0 4.09880 -47.0 13103
0 4.07425 -47.0 13113
0 4.09880 -47.0 13122
0 4.09880 -47.0 13132
0 4.06812 -47.0 13142
0 4.10493 -47.0 13152
0 4.15402 -47.0 13161
0 4.10493 -47.0 13171
0 4.08652 -47.0 13180
0 4.04971 -47.0 13189
0 4.08652 -47.0 13197
0 4.06812 -47.5 13206
0 4.11720 -47.0 13216
0 4.10493 -47.0 13227
0 4.10493 -47.0 13236
0 4.10493 -47.0 13250
0 4.04357 -47.0 13260
0 4.07425 -47.0 13271
0 4.07425 -47.0 13280
0 4.06812 -47.0 13298
0 4.07425 -47.0 13307
0 4.04971 -47.0 13319
0 4.05585 -47.0 13328
0 4.06812 -47.0 13340
0 4.06812 -47.0 13351
0 4.08039 -47.0 13360
0 4.04971 -47.0 13370
0 4.05585 -47.0 13378
0 4.05585 -47.0 13388
0 4.03744 -47.0 13398
0 4.06812 -47.0 13409
0 4.04971 -47.0 13418
0 4.03744 -47.5 13427
0 4.08039 -47.0 13436
0 4.05585 -47.0 13446
0 4.06812 -47.0 13457
0 4.10493 -47.0 13466
0 4.08652 -47.0 13475
0 4.06198 -47.0 13485
0 4.12948 -47.0 13494
0 4.06198 -47.0 13504
0 4.05585 -47.0 13513
0 4.07425 -47.0 13526
0 4.03744 -47.0 13534
0 4.12948 -47.0 13544
0 4.06198 -47.0 13553
0 4.07425 -47.0 13563
0 4.08652 -47.0 13572
0 4.06198 -47.0 13582
0 4.05585 -47.0 13591
0 4.04357 -47.0 13600
0 4.05585 -47.0 13609
0 4.08039 -47.0 13619
0 4.08039 -47.0 13630
0 4.06198 -47.0 13641
0 4.05585 -47.0 13650
0 4.10493 -47.0 13659
0 4.04357 -47.0 13668
0 4.05585 -47.0 13677
0 4.06198 -47.0 13689
0 4.07425 -47.0 13698
0 4.04971 -47.0 13707
0 4.00676 -47.0 13717
0 4.06198 -47.0 13726
0 4.01903 -47.0 13735
0 4.05585 -47.0 13747
0 4.07425 -47.0 13757
0 4.07425 -47.0 13767
0 4.04357 -47.0 13777
0 4.04357 -47.0 13789
0 4.09266 -47.0 13798
0 4.04971 -47.0 13807
0 4.03130 -47.0 13818
0 4.05585 -47.0 13827
0 4.03130 -47.0 13836
0 4.03130 -47.0 13845
0 4.03130 -47.0 13854
0 4.03744 -47.0 13865
0 4.06812 -47.0 13875
0 4.09266 -47.0 13884
0 4.06812 -47.0 13894
0 4.06812 -47.0 13903
0 4.04357 -47.0 13912
0 4.07425 -47.0 13921
0 4.02517 -47.0 13932
0 4.04357 -47.0 13941
0 4.05585 -47.0 13951
0 4.09266 -47.0 13960
0 4.03744 -47.0 13969
0 4.06812 -47.0 13978
0 4.04357 -47.0 13989
0 4.06198 -47.0 13999
0 4.06198 -47.0 14008
0 4.08039 -47.0 14017
0 4.05585 -47.0 14026
0 4.06812 -47.0 14036
0 4.05585 -47.0 14045
0 4.08039 -47.0 14054
0 4.05585 -47.0 14063
0 4.04971 -47.0 14072
0 4.10493 -47.0 14082
0 4.08652 -47.0 14091
0 4.06198 -47.0 14100
0 4.07425 -47.0 14110
0 4.09266 -47.0 14120
0 4.08039 -47.0 14129
0 4.04357 -47.0 14139
0 4.10493 -47.0 14148
0 4.08652 -47.0 14159
0 4.12948 -47.0 14168
0 4.09880 -47.0 14179
0 4.12948 -47.0 14188
0 4.08652 -47.0 14197
0 4.08039 -47.0 14206
0 4.06198 -47.0 14215
0 4.05585 -47.0 14225
0 4.11720 -47.0 14234
0 4.06812 -47.0 14244
0 4.06812 -47.0 14253
0 4.06812 -47.0 14262
0 4.11107 -47.0 14273
0 4.06198 -47.0 14282
0 4.07425 -47.0 14291
0 4.04357 -47.0 14300
0 4.03744 -47.0 14309
0 4.03130 -47.0 14318
0 4.05585 -47.0 14327
0 4.02517 -47.0 14337
0 4.08039 -47.0 14346
0 4.04357 -47.5 14355
0 4.06812 -47.0 14366
0 4.08652 -47.0 14375
0 4.07425 -47.5 14384
0 4.06812 -47.0 14394
0 4.09880 -47.5 14403
0 4.09880 -47.5 14412
0 4.05585 -47.5 14421
0 4.07425 -47.5 14430
0 4.06198 -47.5 14440
0 4.08039 -47.0 14449
0 4.03744 -47.0 14458
0 4.07425 -47.0 14467
0 4.06812 -47.0 14477
0 4.06198 -47.0 14486
0 4.05585 -47.5 14495
0 4.07425 -47.0 14504
0 4.11107 -47.0 14513
0 4.04971 -47.0 14523
0 4.07425 -47.5 14534
0 4.03130 -47.0 14543
0 4.06812 -47.0 14554
0 4.05585 -47.0 14563
0 4.07425 -47.0 14575
0 4.04971 -47.0 14584
0 4.06812 -47.0 14594
0 4.06198 -47.0 14605
0 4.09880 -47.0 14614
0 4.08652 -47.5 14623
0 4.06198 -47.0 14632
0 4.06812 -47.0 14642
0 4.04971 -47.5 14651
0 4.03130 -47.5 14660
0 4.04357 -47.0 14669
0 4.03744 -47.0 14679
0 4.05585 -47.0 14688
0 4.06198 -47.0 14698
0 4.08652 -47.0 14707
0 4.09266 -47.0 14716
0 4.04357 -47.0 14725
0 4.05585 -47.0 14734
0 4.01289 -47.0 14743
0 4.03130 -47.0 14752
0 4.01903 -47.0 14761
0 4.06812 -47.0 14770
0 4.04357 -47.0 14780
0 4.01289 -47.0 14793
0 4.02517 -47.0 14803
0 3.98221 -47.0 14812
0 4.05585 -47.0 14821
0 4.01289 -47.0 14830
0 3.99449 -47.0 14839
0 3.99449 -47.0 14848
0 3.98221 -47.0 14857
0 3.95767 -47.0 14867
0 3.94540 -47.0 14876
0 3.97608 -47.0 14885
0 3.95767 -47.0 14894
0 4.00676 -47.0 14903
0 3.94540 -47.0 14912
0 3.96381 -47.0 14921
0 3.95767 -47.0 14930
0 3.97608 -47.0 14942
0 3.96994 -47.0 14951
0 3.92085 -47.0 14960
0 3.95153 -47.0 14969
0 3.89018 -47.5 14981
0 3.94540 -47.0 14991
0 3.95767 -47.0 15002
0 3.95153 -47.0 15011
0 3.92699 -47.5 15019
0 3.90245 -47.0 15029
0 3.92699 -47.5 15038
0 3.92085 -47.5 15047
0 3.97608 -47.5 15056
0 3.96994 -47.0 15067
0 3.91472 -47.0 15076
0 3.92085 -47.5 15085
0 3.89018 -47.5 15095
0 3.92085 -47.5 15105
0 3.94540 -47.5 15115
0 3.91472 -47.5 15124
0 3.91472 -47.5 15133
0 3.92699 -47.5 15142
0 3.94540 -47.5 15151
0 3.90245 -47.5 15164
0 3.95153 -47.5 15174
0 3.91472 -47.5 15183
0 3.90858 -47.5 15201
0 3.92699 -47.5 15212
0 3.92699 -47.5 15225
0 3.93313 -47.5 15235
0 3.93926 -47.5 15245
0 3.93926 -47.5 15254
0 3.92699 -47.5 15264
0 3.93926 -47.5 15274
0 3.93926 -47.5 15283
0 3.93926 -47.5 15292
0 3.89018 -47.5 15301
0 3.93313 -47.5 15313
0 3.93313 -47.5 15321
0 3.92699 -47.5 15332
0 3.96994 -47.5 15341
0 3.92085 -47.5 15352
0 3.93926 -47.5 15363
0 3.88404 -47.5 15372
0 3.93313 -47.5 15381
0 3.92085 -47.5 15392
0 3.93926 -47.5 15401
0 3.91472 -47.5 15411
0 3.91472 -47.5 15422
0 3.94540 -47.5 15431
0 3.92085 -47.5 15442
0 3.93926 -47.5 15453
0 3.92085 -47.5 15463
0 3.95153 -47.5 15473
0 3.93313 -47.5 15484
0 3.93926 -47.5 15496
0 3.92085 -47.5 15505
0 3.95153 -47.5 15515
0 3.93926 -47.5 15525
0 3.92699 -47.5 15534
0 3.93926 -47.5 15544
0 3.95767 -47.5 15554
0 3.90858 -47.5 15564
0 3.93313 -47.5 15573
0 3.92699 -47.5 15582
0 3.92085 -47.5 15591
0 3.92699 -47.5 15602
0 3.92085 -47.5 15611
0 3.92085 -47.5 15620
0 3.90858 -47.5 15631
0 3.93313 -47.5 15644
0 3.92085 -47.5 15653
0 3.96381 -47.5 15664
0 3.91472 -47.5 15673
0 3.88404 -47.5 15682
0 3.91472 -47.5 15691
0 3.92699 -47.5 15701
0 3.92085 -47.5 15712
0 3.90245 -47.5 15722
0 3.93313 -47.5 15733
0 3.94540 -47.5 15744
0 3.89631 -47.5 15753
0 3.89631 -47.5 15763
0 3.92699 -47.5 15773
0 3.94540 -47.5 15786
0 3.96994 -47.5 15795
0 3.90245 -47.5 15804
0 3.90858 -47.5 15813
0 3.92085 -47.5 15824
0 3.92085 -47.5 15835
0 3.93313 -47.5 15845
0 3.92699 -47.5 15855
0 3.91472 -47.5 15864
0 3.94540 -47.5 15873
0 3.95153 -47.5 15883
0 3.95153 -47.5 15892
0 3.93313 -47.5 15903
0 3.93313 -47.5 15914
0 3.91472 -47.5 15923
0 3.94540 -47.5 15935
0 3.92699 -47.5 15944
0 3.93926 -47.5 15954
0 3.91472 -47.5 15963
0 3.92699 -47.5 15972
0 3.92085 -47.5 15982
0 3.95767 -47.5 15990
0 3.93313 -47.5 16000
0 3.96381 -47.5 16010
0 3.90245 -47.5 16020
0 3.93313 -47.5 16032
0 3.89631 -47.5 16043
0 3.94540 -47.5 16052
0 3.90858 -47.5 16064
0 3.92085 -47.5 16073
0 3.94540 -47.5 16087
0 3.94540 -47.5 16096
0 3.95767 -47.5 16105
0 3.89018 -47.5 16116
0 3.91472 -47.5 16128
0 3.95153 -47.5 16137
0 3.95767 -47.5 16146
0 3.93313 -47.5 16155
0 3.93926 -47.5 16164
0 3.93926 -47.5 16173
0 3.88404 -47.5 16184
0 3.91472 -47.5 16197
0 3.91472 -47.5 16207
0 3.92085 -47.5 16216
0 3.93313 -47.5 16226
0 3.90858 -47.5 16238
0 3.92085 -47.5 16247
0 3.92085 -47.5 16257
0 3.94540 -47.5 16269
0 3.94540 -47.5 16282
0 3.95767 -47.5 16291
0 3.94540 -47.5 16302
0 3.93313 -47.5 16313
0 3.92085 -47.5 16321
0 3.92085 -47.5 16331
0 3.94540 -47.5 16341
0 3.93313 -47.5 16350
0 3.93926 -47.5 16359
0 3.91472 -47.5 16369
0 3.95767 -47.5 16378
0 3.96381 -47.5 16387
0 3.95153 -47.5 16396
0 3.92699 -47.5 16407
0 3.92085 -47.5 16416
0 3.90245 -47.5 16426
0 3.92085 -47.5 16434
0 3.93313 -47.5 16444
0 3.91472 -47.5 16453
0 3.92699 -47.5 16462
0 3.92699 -47.5 16471
0 3.92699 -47.5 16481
0 3.93926 -47.5 16491
0 3.90858 -47.5 16500
0 3.92085 -47.5 16509
0 3.96381 -47.5 16521
0 3.91472 -47.5 16530
0 3.92085 -47.5 16539
0 3.95153 -47.5 16548
0 3.92085 -47.5 16558
0 3.96994 -47.5 16567
0 3.93926 -47.5 16577
0 3.95153 -47.5 16586
0 3.93313 -47.5 16596
0 3.92085 -47.5 16605
0 3.93313 -47.5 16614
0 3.93926 -47.5 16623
0 3.93926 -47.5 16632
0 3.91472 -47.5 16641
0 3.92085 -47.5 16650
0 3.95767 -47.5 16660
0 3.93926 -47.5 16671
0 3.95767 -47.5 16684
0 3.95767 -47.5 16693
0 3.91472 -47.5 16702
0 3.90858 -47.5 16716
0 3.91472 -47.5 16725
0 3.93313 -47.5 16734
0 3.95153 -47.5 16743
0 3.93313 -47.5 16752
0 3.95767 -47.5 16761
0 3.95767 -47.5 16771
0 3.95153 -47.5 16780
0 3.95153 -47.5 16789
0 3.89631 -47.5 16800
0 3.95153 -47.5 16810
0 3.92699 -47.5 16819
0 3.94540 -47.5 16828
0 3.96381 -47.5 16838
0 3.93313 -47.5 16847
0 3.96381 -47.5 16856
0 3.96381 -47.5 16867
0 3.91472 -47.5 16878
0 3.94540 -47.5 16887
0 3.93926 -47.5 16897
0 3.93926 -47.5 16906
0 3.92085 -47.5 16917
0 3.95767 -47.5 16926
0 3.92699 -47.5 16935
0 3.92699 -47.5 16945
0 3.91472 -47.5 16953
0 3.92699 -47.5 16963
0 3.95767 -47.5 16972
0 3.91472 -47.5 16981
0 3.96994 -47.5 16991
0 3.94540 -47.5 17001
0 3.93313 -47.5 17010
0 3.94540 -47.5 17019
0 3.92085 -47.5 17028
0 3.93313 -47.5 17039
0 3.96994 -47.5 17048
0 3.94540 -47.5 17061
0 3.94540 -47.5 17070
0 3.93313 -47.5 17079
0 3.98221 -47.5 17109
0 3.96994 -47.5 17118
0 3.96381 -47.5 17127
0 3.95767 -47.5 17136
0 3.96994 -47.5 17145
0 3.94540 -47.5 17154
0 3.96994 -47.5 17165
0 3.96994 -47.5 17175
0 3.92085 -47.5 17184
0 3.93313 -47.5 17199
0 3.96381 -47.5 17209
0 3.95153 -47.5 17219
0 3.95153 -47.5 17228
0 3.92085 -47.5 17240
0 3.95767 -47.5 17251
0 3.90245 -47.5 17260
0 3.95153 -47.5 17269
0 3.93926 -47.5 17279
0 3.94540 -47.5 17288
0 3.96381 -47.5 17298
0 3.95153 -47.5 17308
0 3.94540 -47.5 17318
0 3.95767 -47.5 17328
0 3.96381 -47.5 17339
0 3.95153 -47.5 17348
0 3.94540 -47.5 17357
0 4.00676 -47.5 17366
0 3.94540 -47.5 17376
0 3.95767 -47.5 17385
0 3.92085 -47.5 17394
0 3.94540 -47.5 17403
0 3.90858 -47.5 17412
0 3.93926 -47.5 17422
0 3.95767 -47.5 17431
0 3.95153 -47.5 17440
0 3.90245 -47.5 17449
0 3.92085 -47.5 17458
0 3.96994 -47.5 17470
0 3.93313 -47.5 17479
0 3.91472 -47.5 17488
0 3.93926 -47.5 17502
0 3.91472 -47.5 17511
0 3.91472 -47.5 17520
0 3.96994 -47.5 17531
0 3.93313 -47.5 17540
0 3.98221 -47.5 17551
0 3.94540 -47.5 17562
0 3.98835 -47.5 17571
0 3.98835 -47.5 17581
0 3.94540 -47.5 17590
0 3.95153 -47.5 17601
0 3.94540 -47.5 17610
0 3.94540 -47.5 17619
0 3.93926 -47.5 17628
0 3.94540 -47.5 17638
0 3.93926 -47.5 17648
0 3.95767 -47.5 17657
0 3.93313 -47.5 17666
0 3.95767 -47.5 17677
0 3.95153 -47.5 17692
0 3.91472 -47.5 17701
0 3.93926 -47.5 17711
0 3.93926 -47.5 17721
0 3.93926 -47.5 17730
0 3.93926 -47.5 17739
0 3.94540 -47.5 17748
0 3.92699 -47.5 17759
0 3.92085 -47.5 17770
0 3.93926 -47.5 17780
0 3.93926 -47.5 17789
0 3.92085 -47.5 17799
0 3.93926 -47.5 17808
0 3.92699 -47.5 17818
0 3.94540 -47.5 17828
0 3.93926 -47.5 17841
0 3.94540 -47.5 17849
0 3.90245 -47.5 17859
0 3.93313 -47.5 17872
0 3.90245 -47.5 17881
0 3.89631 -47.5 17890
0 3.93313 -47.5 17900
0 3.93926 -47.5 17909
0 3.93313 -47.5 17918
0 3.96381 -47.5 17928
0 3.95767 -47.5 17940
0 3.93926 -47.5 17949
0 3.92085 -47.5 17958
0 3.92699 -47.5 17967
0 3.93313 -47.5 17978
0 3.93926 -47.5 17987
0 3.91472 -47.5 18001
0 3.93926 -47.5 18010
0 3.95767 -47.5 18019
0 3.92085 -47.5 18028
0 3.92699 -47.5 18040
0 3.96994 -47.5 18049
0 3.91472 -47.5 18058
0 3.90245 -47.5 18069
0 3.89018 -47.5 18078
0 3.92085 -47.5 18089
0 3.92085 -47.5 18098
0 3.90245 -47.5 18107
0 3.93926 -47.5 18116
0 3.93313 -47.5 18125
0 3.94540 -47.5 18135
0 3.92699 -47.5 18144
0 3.93313 -47.5 18154
0 3.93313 -48.0 18164
0 3.91472 -47.5 18174
0 3.96994 -47.5 18183
0 3.92699 -47.5 18192
0 3.92085 -48.0 18202
0 3.93926 -47.5 18211
0 3.90858 -47.5 18220
0 3.93926 -47.5 18229
0 3.94540 -47.5 18238
0 3.93313 -47.5 18248
0 3.90858 -47.5 18257
0 3.94540 -47.5 18266
0 3.96381 -47.5 18276
0 3.91472 -47.5 18285
0 3.87177 -47.5 18294
0 3.87790 -47.5 18303
0 3.92699 -47.5 18312
0 3.90858 -47.5 18321
0 3.85950 -47.5 18332
0 3.91472 -47.5 18342
0 3.93926 -47.5 18351
0 3.92699 -47.5 18360
0 3.89631 -47.5 18370
0 3.92085 -47.5 18379
0 3.91472 -47.5 18388
0 3.92085 -47.5 18397
0 3.92699 -47.5 18408
0 3.93313 -47.5 18418
0 3.90858 -47.5 18428
0 3.90858 -47.5 18437
0 3.87177 -47.5 18445
0 3.86563 -47.5 18455
0 3.90858 -47.5 18466
0 3.91472 -47.5 18474
0 3.88404 -47.5 18484
0 3.90245 -47.5 18493
0 3.92085 -47.5 18502
0 3.89631 -47.5 18511
0 3.88404 -47.5 18521
0 3.90245 -47.5 18531
0 3.86563 -47.5 18540
0 3.90245 -47.5 18549
0 3.90858 -47.5 18558
0 3.89018 -47.5 18567
0 3.89631 -47.5 18579
0 3.90245 -47.5 18588
0 3.92699 -47.5 18597
0 3.89018 -47.5 18606
0 3.89631 -47.5 18615
0 3.90245 -47.5 18632
0 3.93313 -47.5 18644
0 3.90245 -47.5 18654
0 3.91472 -47.5 18663
0 3.90245 -47.5 18675
0 3.89018 -47.5 18684
0 3.95153 -47.5 18694
0 3.89018 -47.5 18703
0 3.92699 -47.5 18713
0 3.88404 -47.5 18724
0 3.89018 -47.5 18734
0 3.90245 -47.5 18746
0 3.93313 -47.5 18755
0 3.93313 -47.5 18764
0 3.86563 -47.5 18775
0 3.91472 -47.5 18784
0 3.93926 -47.5 18793
0 3.89018 -47.5 18802
0 3.89631 -47.5 18811
0 3.88404 -47.5 18821
0 3.85950 -47.5 18830
0 3.90858 -47.5 18840
0 3.89018 -47.5 18849
0 3.90245 -47.5 18858
0 3.86563 -47.5 18870
0 3.89631 -48.0 18880
0 3.91472 -48.0 18890
0 3.89631 -47.5 18901
0 3.90245 -47.5 18910
0 3.90858 -47.5 18919
0 3.91472 -47.5 18928
0 3.93926 -47.5 18937
0 3.92699 -47.5 18948
0 3.91472 -47.5 18958
0 3.90245 -47.5 18967
0 3.87790 -47.5 18976
0 3.91472 -47.5 19001
0 3.88404 -47.5 19011
0 3.90245 -47.5 19020
0 3.90245 -47.5 19030
0 3.90245 -47.5 19043
0 3.91472 -47.5 19052
0 3.90245 -47.5 19062
0 3.89018 -47.5 19071
0 3.89631 -47.5 19080
0 3.91472 -47.5 19091
0 3.91472 -47.5 19100
0 3.90245 -47.5 19109
0 3.90858 -47.5 19119
0 3.86563 -47.5 19128
0 3.87790 -47.5 19138
0 3.90245 -47.5 19148
0 3.87177 -47.5 19157
0 3.89631 -47.5 19168
0 3.91472 -47.5 19177
0 3.91472 -47.5 19186
0 3.88404 -47.5 19195
0 3.92085 -47.5 19204
0 3.92699 -47.5 19213
0 3.87177 -47.5 19223
0 3.90245 -47.5 19232
0 3.88404 -47.5 19241
0 3.93926 -47.5 19250
0 3.89018 -47.5 19260
0 3.90858 -47.5 19269
0 3.91472 -47.5 19279
0 3.92699 -47.5 19287
0 3.87177 -47.5 19297
0 3.97608 -47.5 19306
0 3.92085 -47.5 19319
0 3.93926 -47.5 19328
0 3.89631 -47.5 19338
0 3.91472 -47.5 19347
0 3.90858 -47.5 19356
0 3.90858 -47.5 19365
0 3.90858 -47.5 19375
0 3.91472 -47.5 19387
0 3.87177 -47.5 19396
0 3.92085 -47.5 19405
0 3.91472 -47.5 19415
0 3.93313 -47.5 19424
0 3.89018 -47.5 19433
0 3.91472 -47.5 19443
0 3.90858 -47.5 19452
0 3.89631 -47.5 19461
0 3.87790 -47.5 19470
0 3.90245 -47.5 19479
0 3.90245 -47.5 19490
0 3.90858 -47.5 19499
0 3.93926 -47.5 19509
0 3.93313 -47.5 19518
0 3.90245 -47.5 19529
0 3.89631 -47.5 19538
0 3.91472 -47.5 19549
0 3.92085 -47.5 19558
0 3.91472 -47.5 19568
0 3.93313 -47.5 19577
0 3.93926 -48.0 19586
0 3.92699 -47.5 19595
0 3.94540 -47.5 19604
0 3.91472 -47.5 19614
0 3.93926 -47.5 19623
0 3.90245 -47.5 19634
0 3.93926 -47.5 19643
0 3.90858 -47.5 19654
0 3.90245 -47.5 19663
0 3.89631 -47.5 19674
0 3.87790 -47.5 19685
0 3.93313 -47.5 19695
0 3.94540 -47.5 19704
0 3.93313 -47.5 19714
0 3.89018 -47.5 19724
0 3.89018 -47.5 19735
0 3.95767 -47.5 19747
0 3.91472 -47.5 19756
0 3.91472 -47.5 19765
0 3.91472 -47.5 19774
0 3.91472 -47.5 19784
0 3.90245 -47.5 19793
0 3.90858 -47.5 19802
0 3.92699 -47.5 19813
0 3.92699 -47.5 19822
0 3.91472 -47.5 19831
0 3.92699 -47.5 19840
0 3.89018 -47.5 19851
0 3.92699 -47.5 19860
0 3.89018 -47.5 19871
0 3.88404 -47.5 19882
0 3.87790 -47.5 19891
0 3.91472 -47.5 19903
