0 5.62051 -47.5 0
0 5.68186 -47.5 9
0 5.64505 -47.5 18
0 5.64505 -47.5 27
0 5.62051 -47.5 38
0 5.63891 -47.5 48
0 5.62051 -47.5 58
0 5.66959 -47.5 68
0 5.65732 -47.5 77
0 5.66346 -47.5 86
0 5.67573 -47.5 96
0 5.65732 -47.5 106
0 5.70027 -47.5 117
0 5.67573 -47.5 126
0 5.67573 -47.5 135
0 5.68186 -47.5 144
0 5.70641 -47.5 154
0 5.65119 -47.5 163
0 5.66346 -47.5 175
0 5.65732 -47.5 184
0 5.68186 -47.5 193
0 5.68186 -47.5 204
0 5.65732 -47.5 214
0 5.67573 -47.5 224
0 5.68186 -47.5 235
0 5.62051 -47.5 244
0 5.70027 -47.5 255
0 5.66346 -47.5 264
0 5.63278 -47.5 273
0 5.68186 -47.5 282
0 5.69414 -47.5 291
0 5.66346 -47.5 303
0 5.65732 -47.5 313
0 5.67573 -47.5 323
0 5.68800 -47.5 333
0 5.68800 -47.5 342
0 5.65119 -47.5 351
0 5.65732 -47.5 360
0 5.62664 -47.5 369
0 5.69414 -47.5 380
0 5.68186 -47.5 388
0 5.71254 -47.5 398
0 5.68186 -47.5 407
0 5.66346 -47.5 419
0 5.66346 -47.5 429
0 5.67573 -47.5 438
0 5.67573 -47.5 447
0 5.66959 -47.5 456
0 5.67573 -47.5 465
0 5.70027 -47.5 474
0 5.68186 -47.5 484
0 5.66346 -47.5 493
0 5.67573 -47.5 502
0 5.66346 -47.5 511
0 5.68800 -47.5 521
0 5.68186 -47.5 530
0 5.68800 -47.5 539
0 5.68800 -47.5 548
0 5.67573 -47.5 557
0 5.69414 -47.5 568
0 5.65119 -47.5 577
0 5.68800 -47.5 587
0 5.65732 -47.5 596
0 5.69414 -47.5 605
0 5.65732 -47.5 615
0 5.68800 -47.5 625
0 5.66346 -47.5 634
0 5.66959 -47.5 643
0 5.70027 -47.5 653
0 5.65732 -47.5 662
0 5.65732 -47.5 671
0 5.65732 -47.5 681
0 5.69414 -47.5 690
0 5.65732 -47.5 700
0 5.68186 -47.5 709
0 5.66959 -47.5 726
0 5.66959 -47.5 735
0 5.68186 -47.5 744
0 5.67573 -47.5 753
0 5.66959 -47.5 762
0 5.68800 -47.5 771
0 5.63278 -47.5 781
0 5.68186 -47.5 790
0 5.66346 -47.5 800
0 5.65732 -47.5 809
0 5.66959 -47.5 819
0 5.63278 -47.5 828
0 5.63891 -47.5 839
0 5.65119 -47.5 848
0 5.65119 -47.5 857
0 5.66959 -47.5 867
0 5.68800 -47.5 877
0 5.65119 -47.5 886
0 5.68186 -47.5 895
0 5.70027 -47.5 906
0 5.68800 -47.5 915
0 5.65119 -47.5 924
0 5.68186 -47.5 933
0 5.66959 -47.5 947
0 5.68800 -47.5 957
0 5.69414 -47.5 966
0 5.65732 -47.5 976
0 5.70641 -47.5 985
0 5.73095 -47.5 996
0 5.70027 -47.5 1007
0 5.66959 -47.5 1019
0 5.65119 -47.5 1030
0 5.71868 -47.5 1038
0 5.63891 -47.5 1048
0 5.70027 -47.5 1058
0 5.69414 -47.5 1068
0 5.66959 -47.5 1078
0 5.71254 -47.5 1087
0 5.68186 -47.5 1099
0 5.68800 -47.5 1108
0 5.66959 -47.5 1117
0 5.65732 -47.5 1126
0 5.65732 -47.5 1137
0 5.68800 -47.5 1146
0 5.69414 -47.5 1155
0 5.65732 -47.5 1164
0 5.65732 -47.5 1174
0 5.68186 -47.5 1183
0 5.70027 -47.5 1193
0 5.67573 -47.5 1202
0 5.65732 -47.5 1211
0 5.66346 -47.5 1220
0 5.67573 -47.5 1229
0 5.71254 -47.5 1239
0 5.68800 -47.5 1248
0 5.71868 -47.5 1257
0 5.68800 -47.5 1269
0 5.67573 -47.5 1278
0 5.63278 -47.5 1287
0 5.66346 -47.5 1296
0 5.67573 -47.5 1305
0 5.68800 -47.5 1315
0 5.67573 -47.5 1325
0 5.70027 -47.5 1336
0 5.71254 -47.5 1345
0 5.69414 -47.5 1355
0 5.67573 -47.5 1366
0 5.68800 -47.5 1375
0 5.68800 -47.5 1384
0 5.68186 -47.5 1393
0 5.70027 -47.5 1404
0 5.72482 -47.5 1413
0 5.66346 -47.5 1422
0 5.70027 -47.5 1431
0 5.69414 -47.5 1441
0 5.71254 -47.5 1451
0 5.70027 -47.5 1460
0 5.68800 -47.5 1469
0 5.69414 -47.5 1482
0 5.68800 -47.5 1490
0 5.66346 -47.5 1501
0 5.73709 -47.5 1510
0 5.69414 -47.5 1521
0 5.68800 -47.5 1530
0 5.69414 -47.5 1539
0 5.66959 -47.5 1549
0 5.66959 -47.5 1558
0 5.68800 -47.5 1568
0 5.70641 -47.5 1577
0 5.68800 -47.5 1586
0 5.68186 -47.5 1595
0 5.68800 -47.5 1604
0 5.70641 -47.5 1613
0 5.68800 -47.5 1622
0 5.68186 -47.5 1633
0 5.67573 -47.5 1642
0 5.68800 -47.5 1651
0 5.66346 -47.5 1660
0 5.68800 -47.5 1669
0 5.68186 -47.5 1678
0 5.70027 -47.5 1687
0 5.71254 -47.5 1697
0 5.67573 -47.5 1705
0 5.69414 -47.5 1715
0 5.68800 -47.5 1725
0 5.71254 -47.5 1735
0 5.71868 -47.5 1744
0 5.68800 -47.5 1753
0 5.70027 -47.5 1764
0 5.70641 -47.5 1773
0 5.73709 -47.5 1782
0 5.71254 -47.5 1793
0 5.67573 -47.5 1802
0 5.68800 -47.5 1811
0 5.68800 -47.5 1820
0 5.68800 -47.5 1829
0 5.68800 -47.5 1838
0 5.70027 -47.5 1848
0 5.71254 -47.5 1857
0 5.69414 -47.5 1866
0 5.69414 -47.5 1876
0 5.67573 -47.5 1899
0 5.64505 -47.5 1908
0 5.67573 -47.5 1917
0 5.69414 -47.5 1926
0 5.66346 -47.5 1936
0 5.71868 -47.5 1944
0 5.69414 -47.5 1955
0 5.69414 -47.5 1968
0 5.65732 -47.5 1977
0 5.68800 -47.5 1986
0 5.68186 -47.5 1995
0 5.69414 -47.5 2005
0 5.65119 -47.5 2014
0 5.68800 -47.5 2023
0 5.65732 -47.5 2032
0 5.66959 -47.5 2041
0 5.67573 -47.5 2050
0 5.71868 -47.5 2059
0 5.67573 -47.5 2069
0 5.68800 -47.5 2078
0 5.68800 -47.5 2087
0 5.73709 -47.5 2096
0 5.68800 -47.5 2107
0 5.69414 -47.5 2116
0 5.70641 -47.5 2125
0 5.65119 -47.5 2134
0 5.68186 -47.5 2143
0 5.67573 -47.5 2153
0 5.73709 -47.5 2162
0 5.68186 -47.5 2171
0 5.65732 -47.5 2180
0 5.71254 -47.5 2189
0 5.66346 -47.5 2200
0 5.69414 -47.5 2209
0 5.69414 -47.5 2218
0 5.67573 -47.5 2227
0 5.69414 -47.5 2238
0 5.70027 -47.5 2247
0 5.70641 -47.5 2256
0 5.66959 -47.5 2265
0 5.67573 -47.5 2274
0 5.66346 -47.5 2284
0 5.66346 -47.5 2294
0 5.68800 -47.5 2303
0 5.70641 -47.5 2312
0 5.65119 -47.5 2321
0 5.65119 -47.5 2330
0 5.66959 -47.5 2340
0 5.70641 -47.5 2349
0 5.72482 -47.5 2359
0 5.66959 -47.5 2368
0 5.67573 -47.5 2377
0 5.65732 -47.5 2388
0 5.70641 -47.5 2397
0 5.70641 -47.5 2406
0 5.66346 -47.5 2415
0 5.65732 -47.5 2425
0 5.66346 -47.5 2435
0 5.68800 -47.5 2446
0 5.71868 -47.5 2454
0 5.66959 -47.5 2463
0 5.68800 -47.5 2473
0 5.68800 -47.5 2482
0 5.68800 -47.5 2491
0 5.68186 -47.5 2500
0 5.70641 -47.5 2509
0 5.66346 -47.5 2518
0 5.68800 -47.5 2528
0 5.71254 -47.5 2537
0 5.62664 -47.5 2546
0 5.70027 -47.5 2555
0 5.71868 -47.5 2565
0 5.67573 -47.5 2575
0 5.68800 -47.5 2584
0 5.65119 -47.5 2593
0 5.68186 -47.5 2602
0 5.72482 -47.5 2612
0 5.70027 -47.5 2621
0 5.66959 -47.5 2631
0 5.68800 -47.5 2642
0 5.66346 -47.5 2651
0 5.75550 -47.5 2660
0 5.71254 -47.5 2669
0 5.68186 -47.5 2678
0 5.67573 -47.5 2687
0 5.66959 -47.5 2697
0 5.68186 -47.5 2706
0 5.67573 -47.5 2714
0 5.70027 -47.5 2726
0 5.69414 -47.5 2737
0 5.73095 -47.5 2746
0 5.63891 -47.5 2755
0 5.69414 -47.5 2765
0 5.68800 -47.5 2775
0 5.70027 -47.5 2784
0 5.68800 -47.5 2793
0 5.69414 -47.5 2802
0 5.68186 -47.5 2811
0 5.71254 -47.5 2820
0 5.67573 -47.5 2829
0 5.71254 -47.5 2838
0 5.72482 -47.5 2848
0 5.69414 -47.5 2858
0 5.70641 -47.5 2867
0 5.70027 -47.5 2876
0 5.68186 -47.5 2886
0 5.73095 -47.5 2896
0 5.68186 -47.5 2905
0 5.68800 -47.5 2915
0 5.70027 -47.5 2926
0 5.68800 -47.5 2935
0 5.71254 -47.5 2944
0 5.68800 -47.5 2955
0 5.67573 -47.5 2964
0 5.67573 -47.5 2974
0 5.66959 -47.5 2983
0 5.65732 -47.5 2992
0 5.68800 -47.5 3001
0 5.66346 -47.5 3010
0 5.65732 -47.5 3021
0 5.66959 -47.5 3030
0 5.63278 -47.5 3039
0 5.66959 -47.5 3048
0 5.63891 -47.5 3057
0 5.69414 -47.5 3066
0 5.67573 -47.5 3075
0 5.70641 -47.5 3086
0 5.70027 -47.5 3095
0 5.71254 -47.5 3104
0 5.69414 -47.5 3113
0 5.65119 -47.5 3123
0 5.70641 -47.5 3131
0 5.70027 -47.5 3141
0 5.67573 -47.5 3150
0 5.68186 -47.5 3160
0 5.69414 -47.5 3170
0 5.67573 -47.5 3179
0 5.68186 -47.5 3188
0 5.61437 -47.5 3199
0 5.68800 -47.5 3210
0 5.69414 -47.5 3220
0 5.69414 -47.5 3229
0 5.69414 -47.5 3239
0 5.66959 -47.5 3248
0 5.70027 -47.5 3257
0 5.70641 -47.5 3267
0 5.66346 -47.5 3276
0 5.70027 -47.5 3285
0 5.65732 -47.5 3294
0 5.66959 -47.5 3306
0 5.71868 -47.5 3315
0 5.69414 -47.5 3325
0 5.70027 -47.5 3335
0 5.71868 -47.5 3344
0 5.69414 -47.5 3353
0 5.71254 -47.5 3363
0 5.64505 -47.0 3371
0 5.70027 -47.5 3380
0 5.74936 -47.5 3390
0 5.65119 -47.5 3400
0 5.67573 -47.5 3410
0 5.70027 -47.5 3419
0 5.71868 -47.5 3428
0 5.70641 -47.5 3437
0 5.66346 -47.5 3447
0 5.71254 -47.5 3456
0 5.68800 -47.5 3465
0 5.70641 -47.0 3474
0 5.66959 -47.5 3483
0 5.69414 -47.5 3493
0 5.68800 -47.5 3503
0 5.72482 -47.5 3512
0 5.68800 -47.5 3521
0 5.66959 -47.5 3530
0 5.70027 -47.5 3539
0 5.70641 -47.5 3550
0 5.63891 -47.5 3559
0 5.64505 -47.5 3572
0 5.66959 -47.5 3582
0 5.71254 -47.5 3591
0 5.69414 -47.5 3600
0 5.68800 -47.5 3609
0 5.70027 -47.5 3618
0 5.66959 -47.5 3627
0 5.66959 -47.5 3636
0 5.68186 -47.5 3645
0 5.65119 -47.5 3655
0 5.67573 -47.5 3664
0 5.66959 -47.5 3673
0 5.66959 -47.5 3682
0 5.68186 -47.5 3692
0 5.65732 -47.5 3701
0 5.68800 -47.5 3710
0 5.64505 -47.5 3719
0 5.66959 -47.5 3729
0 5.66346 -47.5 3738
0 5.68186 -47.5 3747
0 5.69414 -47.5 3756
0 5.68800 -47.5 3765
0 5.64505 -47.5 3774
0 5.69414 -47.5 3783
0 5.68186 -47.5 3806
0 5.67573 -47.5 3814
0 5.73709 -47.5 3824
0 5.66346 -47.5 3836
0 5.68186 -47.5 3849
0 5.68186 -47.5 3859
0 5.66959 -47.5 3870
0 5.66959 -47.5 3880
0 5.67573 -47.5 3889
0 5.67573 -47.5 3898
0 5.65732 -47.5 3908
0 5.67573 -47.5 3917
0 5.66959 -47.5 3927
0 5.67573 -47.5 3936
0 5.67573 -47.5 3946
0 5.69414 -47.5 3955
0 5.73095 -47.5 3964
0 5.69414 -47.5 3977
0 5.69414 -47.5 3986
0 5.65732 -47.5 3995
0 5.68186 -47.5 4005
0 5.71254 -47.5 4018
0 5.63891 -47.5 4027
0 5.67573 -47.5 4037
0 5.68186 -47.5 4047
0 5.66346 -47.5 4057
0 5.68800 -47.5 4066
0 5.69414 -47.5 4075
0 5.66346 -47.5 4085
0 5.70641 -47.5 4094
0 5.68800 -47.5 4103
0 5.63891 -47.5 4114
0 5.71868 -47.5 4123
0 5.68800 -47.5 4132
0 5.69414 -47.5 4142
0 5.66959 -47.5 4151
0 5.68800 -47.5 4161
0 5.66959 -47.5 4170
0 5.68800 -47.5 4179
0 5.71254 -47.5 4189
0 5.64505 -47.5 4198
0 5.73709 -47.5 4207
0 5.65732 -47.5 4216
0 5.70641 -47.5 4225
0 5.66959 -47.5 4234
0 5.74322 -47.5 4243
0 5.68800 -47.5 4254
0 5.69414 -47.5 4263
0 5.69414 -47.5 4272
0 5.70027 -47.5 4281
0 5.72482 -47.5 4291
0 5.71254 -47.5 4300
0 5.70641 -47.5 4311
0 5.70027 -47.5 4320
0 5.67573 -47.5 4328
0 5.70641 -47.5 4338
0 5.70027 -47.5 4348
0 5.71254 -47.5 4357
0 5.68800 -47.5 4368
0 5.67573 -47.5 4376
0 5.66346 -47.5 4386
0 5.68186 -47.5 4395
0 5.70641 -47.5 4406
0 5.72482 -47.5 4415
0 5.65732 -47.5 4428
0 5.74322 -47.5 4437
0 5.68800 -47.5 4446
0 5.68186 -47.5 4456
0 5.70027 -47.5 4465
0 5.71254 -47.5 4474
0 5.71868 -47.5 4483
0 5.73709 -47.5 4495
0 5.70641 -47.5 4504
0 5.71868 -47.5 4513
0 5.72482 -47.5 4522
0 5.71868 -47.5 4532
0 5.68186 -47.5 4541
0 5.76777 -47.5 4551
0 5.71868 -47.5 4561
0 5.72482 -47.5 4570
0 5.71868 -47.5 4579
0 5.71868 -47.5 4590
0 5.70027 -47.5 4602
0 5.66346 -47.5 4611
0 5.70027 -47.5 4620
0 5.69414 -47.5 4630
0 5.66346 -47.5 4639
0 5.72482 -47.5 4649
0 5.69414 -47.5 4659
0 5.71254 -47.5 4668
0 5.71868 -47.5 4677
0 5.74936 -47.5 4686
0 5.68800 -47.5 4696
0 5.72482 -47.5 4705
0 5.72482 -47.5 4714
0 5.72482 -47.5 4723
0 5.71254 -47.5 4732
0 5.72482 -47.5 4743
0 5.69414 -47.5 4753
0 5.71868 -47.5 4764
0 5.71868 -47.5 4773
0 5.71254 -47.5 4782
0 5.73095 -47.5 4792
0 5.71254 -47.5 4805
0 5.71868 -47.5 4814
0 5.69414 -47.5 4823
0 5.74322 -47.5 4833
0 5.71254 -47.5 4841
0 5.73709 -47.5 4850
0 5.70027 -47.5 4860
0 5.70641 -47.5 4869
0 5.69414 -47.5 4878
0 5.69414 -47.5 4887
0 5.71254 -47.5 4897
0 5.70641 -47.5 4906
0 5.72482 -47.5 4915
0 5.71868 -47.5 4924
0 5.73709 -47.5 4934
0 5.68800 -47.5 4943
0 5.72482 -47.5 4953
0 5.70027 -47.5 4962
0 5.68800 -47.5 4972
0 5.74322 -47.5 4982
0 5.71254 -47.5 4995
0 5.73709 -47.5 5004
0 5.70027 -47.5 5015
0 5.71254 -47.5 5025
0 5.71868 -47.5 5035
0 5.72482 -47.5 5044
0 5.70641 -47.5 5053
0 5.71254 -47.5 5062
0 5.72482 -47.5 5071
0 5.71868 -47.5 5080
0 5.73709 -47.5 5089
0 5.71868 -47.5 5099
0 5.74322 -47.5 5108
0 5.69414 -47.5 5118
0 5.67573 -47.5 5129
0 5.76163 -47.5 5140
0 5.72482 -47.5 5151
0 5.70641 -47.5 5160
0 5.74322 -47.5 5171
0 5.74322 -47.5 5183
0 5.74322 -47.0 5192
0 5.74936 -47.5 5202
0 5.75550 -47.5 5213
0 5.74322 -47.0 5222
0 5.70641 -47.5 5233
0 5.70641 -47.5 5243
0 5.78004 -47.0 5252
0 5.75550 -47.5 5262
0 5.75550 -47.5 5271
0 5.73095 -47.0 5280
0 5.71868 -47.0 5293
0 5.72482 -47.0 5302
0 5.71868 -47.5 5311
0 5.74936 -47.0 5320
0 5.75550 -47.0 5331
0 5.77390 -47.0 5342
0 5.74322 -47.0 5352
0 5.77390 -47.0 5361
0 5.73709 -47.0 5370
0 5.73709 -47.5 5380
0 5.75550 -47.0 5389
0 5.74936 -47.5 5398
0 5.73095 -47.0 5407
0 5.73095 -47.0 5416
0 5.74936 -47.0 5426
0 5.74936 -47.0 5434
0 5.76163 -47.0 5445
0 5.74322 -47.0 5456
0 5.75550 -47.5 5465
0 5.77390 -47.0 5475
0 5.73709 -47.0 5485
0 5.78004 -47.0 5498
0 5.76777 -47.0 5507
0 5.77390 -47.0 5516
0 5.72482 -47.0 5525
0 5.76163 -47.0 5534
0 5.74322 -47.0 5544
0 5.78618 -47.0 5555
0 5.78004 -47.0 5564
0 5.76777 -47.0 5573
0 5.75550 -47.0 5583
0 5.78004 -47.0 5592
0 5.73095 -47.0 5601
0 5.76163 -47.0 5610
0 5.75550 -47.0 5621
0 5.78004 -47.0 5631
0 5.73709 -47.0 5643
0 5.76163 -47.0 5652
0 5.73095 -47.0 5661
0 5.74936 -47.0 5671
0 5.72482 -47.0 5681
0 5.74322 -47.0 5698
0 5.71868 -47.0 5708
0 5.75550 -47.0 5718
0 5.75550 -47.0 5731
0 5.73095 -47.0 5741
0 5.75550 -47.0 5750
0 5.73095 -47.0 5762
0 5.73709 -47.0 5771
0 5.74936 -47.0 5780
0 5.73709 -47.0 5791
0 5.76777 -47.0 5800
0 5.74936 -47.0 5811
0 5.76163 -47.0 5820
0 5.76163 -47.0 5830
0 5.74936 -47.0 5839
0 5.73709 -47.0 5848
0 5.76777 -47.0 5857
0 5.77390 -47.0 5866
0 5.72482 -47.0 5876
0 5.77390 -47.0 5888
0 5.73095 -47.0 5897
0 5.76777 -47.0 5907
0 5.76163 -47.0 5917
0 5.76777 -47.0 5926
0 5.78004 -47.0 5935
0 5.74936 -47.0 5948
0 5.74322 -47.0 5957
0 5.74322 -47.0 5966
0 5.75550 -47.0 5977
0 5.72482 -47.0 5986
0 5.75550 -47.0 5995
0 5.71868 -47.0 6004
0 5.74936 -47.0 6015
0 5.74322 -47.0 6024
0 5.73709 -47.0 6033
0 5.75550 -47.0 6042
0 5.76163 -47.0 6052
0 5.73095 -47.0 6062
0 5.74936 -47.0 6071
0 5.74936 -47.0 6081
0 5.76777 -47.0 6091
0 5.71254 -47.0 6100
0 5.76777 -47.0 6109
0 5.70641 -47.0 6118
0 5.70641 -47.0 6127
0 5.76777 -47.0 6138
0 5.74936 -47.0 6147
0 5.73095 -47.0 6157
0 5.74322 -47.0 6166
0 5.74936 -47.0 6175
0 5.71868 -47.0 6184
0 5.71254 -47.0 6194
0 5.73095 -47.0 6203
0 5.75550 -47.0 6215
0 5.74936 -47.0 6225
0 5.74322 -47.0 6235
0 5.78004 -47.0 6244
0 5.74322 -47.0 6255
0 5.71254 -47.0 6264
0 5.73095 -47.0 6274
0 5.71868 -47.0 6285
0 5.73095 -47.0 6294
0 5.72482 -47.0 6305
0 5.74936 -47.0 6314
0 5.74936 -47.0 6323
0 5.74322 -47.0 6332
0 5.73095 -47.0 6342
0 5.76777 -47.0 6351
0 5.74322 -47.0 6360
0 5.72482 -47.0 6369
0 5.74936 -47.0 6381
0 5.73709 -47.0 6390
0 5.71254 -47.0 6399
0 5.76777 -47.0 6408
0 5.71868 -47.0 6419
0 5.70641 -47.0 6428
0 5.72482 -47.0 6437
0 5.73095 -47.0 6446
0 5.76777 -47.0 6455
0 5.73095 -47.0 6466
0 5.72482 -47.0 6477
0 5.72482 -47.0 6486
0 5.72482 -47.0 6497
0 5.70641 -47.0 6506
0 5.68800 -47.0 6516
0 5.76163 -47.0 6525
0 5.75550 -47.0 6534
0 5.72482 -47.0 6543
0 5.73095 -47.5 6552
0 5.71868 -47.0 6563
0 5.73095 -47.0 6572
0 5.73095 -47.0 6581
0 5.76163 -47.0 6590
0 5.76777 -47.0 6599
0 5.74936 -47.0 6611
0 5.70027 -47.0 6621
0 5.70641 -47.0 6632
0 5.73709 -47.0 6641
0 5.68186 -47.0 6650
0 5.72482 -47.0 6664
0 5.71254 -47.0 6677
0 5.74936 -47.0 6686
0 5.71868 -47.0 6696
0 5.73709 -47.0 6705
0 5.69414 -47.0 6714
0 5.70027 -47.0 6726
0 5.71868 -47.0 6734
0 5.73095 -47.0 6744
0 5.74322 -47.0 6753
0 5.73709 -47.0 6762
0 5.71868 -47.0 6771
0 5.71254 -47.0 6782
0 5.68186 -47.0 6791
0 5.74322 -47.0 6800
0 5.72482 -47.0 6810
0 5.73095 -47.0 6820
0 5.72482 -47.0 6831
0 5.73709 -47.0 6842
0 5.70027 -47.0 6851
0 5.71868 -47.0 6860
0 5.73095 -47.0 6869
0 5.71868 -47.0 6879
0 5.73095 -47.0 6887
0 5.73709 -47.0 6898
0 5.76163 -47.0 6907
0 5.74322 -47.0 6917
0 5.73095 -47.0 6926
0 5.75550 -47.0 6935
0 5.75550 -47.0 6944
0 5.73095 -47.0 6953
0 5.71254 -47.0 6962
0 5.73709 -47.0 6973
0 5.70641 -47.0 6982
0 5.71868 -47.0 6991
0 5.76777 -47.0 7000
0 5.75550 -47.0 7009
0 5.70641 -47.0 7020
0 5.73095 -47.0 7029
0 5.73709 -47.0 7038
0 5.73095 -47.0 7050
0 5.73095 -47.0 7059
0 5.73095 -47.0 7068
0 5.71254 -47.0 7077
0 5.79231 -47.0 7086
0 5.73095 -47.0 7096
0 5.73095 -47.0 7105
0 5.70027 -47.0 7114
0 5.72482 -47.0 7123
0 5.73095 -47.0 7132
0 5.74936 -47.0 7142
0 5.73709 -47.0 7153
0 5.72482 -47.0 7164
0 5.71868 -47.0 7173
0 5.68186 -47.0 7182
0 5.71868 -47.0 7197
0 5.74936 -47.0 7207
0 5.67573 -47.0 7216
0 5.70641 -47.0 7225
0 5.72482 -47.0 7234
0 5.76163 -47.0 7243
0 5.70027 -47.0 7254
0 5.72482 -47.0 7263
0 5.66346 -47.0 7272
0 5.72482 -47.0 7283
0 5.70641 -47.0 7292
0 5.70027 -47.0 7307
0 5.68800 -47.0 7317
0 5.71254 -47.0 7326
0 5.63891 -47.0 7336
0 5.70027 -47.0 7345
0 5.66346 -47.0 7354
0 5.64505 -47.0 7363
0 5.67573 -47.0 7373
0 5.70027 -47.0 7382
0 5.66346 -47.0 7391
0 5.68186 -47.0 7405
0 5.70641 -47.0 7415
0 5.67573 -47.0 7424
0 5.67573 -47.0 7434
0 5.68800 -47.0 7443
0 5.70027 -47.0 7452
0 5.69414 -47.0 7462
0 5.66346 -47.0 7471
0 5.68186 -47.0 7483
0 5.70027 -47.0 7493
0 5.66346 -47.0 7502
0 5.68186 -47.0 7510
0 5.71868 -47.0 7520
0 5.68800 -47.0 7530
0 5.71868 -47.0 7539
0 5.68800 -47.0 7548
0 5.71868 -47.0 7558
0 5.69414 -47.0 7568
0 5.67573 -47.0 7577
0 5.72482 -47.0 7599
0 5.71254 -47.0 7609
0 5.73095 -47.0 7619
0 5.75550 -47.0 7628
0 5.73095 -47.0 7639
0 5.75550 -47.0 7648
0 5.74322 -47.0 7657
0 5.76163 -47.0 7667
0 5.74936 -47.0 7676
0 5.76163 -47.0 7685
0 5.74936 -47.0 7695
0 5.79231 -47.0 7703
0 5.78004 -47.0 7713
0 5.74322 -47.0 7722
0 5.76163 -47.0 7734
0 5.79845 -47.0 7743
0 5.73709 -47.5 7752
0 5.71868 -47.0 7761
0 5.68800 -47.0 7770
0 5.68800 -47.5 7784
0 5.63278 -47.0 7794
0 5.61437 -47.5 7805
0 5.54074 -47.5 7815
0 5.51619 -47.5 7825
0 5.47324 -47.5 7834
0 5.46097 -47.5 7843
0 5.36893 -47.0 7852
0 5.35052 -47.5 7862
0 5.28917 -47.0 7872
0 5.25235 -47.0 7881
0 5.22781 -47.0 7891
0 5.23394 -47.0 7902
0 5.21553 -47.0 7912
0 5.20940 -47.0 7921
0 5.17872 -47.0 7930
0 5.16645 -47.0 7940
0 5.13577 -47.0 7949
0 5.11736 -47.0 7958
0 5.08668 -47.0 7967
0 5.06827 -47.0 7976
0 5.07441 -47.0 7985
0 5.03146 -47.0 7994
0 5.01919 -47.0 8003
0 5.07441 -47.0 8013
0 5.02532 -47.0 8023
0 5.01919 -47.0 8033
0 5.04373 -47.0 8041
0 5.01305 -47.0 8052
0 5.02532 -47.0 8061
0 5.06827 -47.5 8070
0 5.06214 -47.0 8079
0 5.08668 -47.5 8088
0 5.09282 -47.5 8098
0 5.09282 -47.0 8107
0 5.10509 -47.0 8116
0 5.12963 -47.0 8125
0 5.14190 -47.0 8134
0 5.14190 -47.0 8145
0 5.16645 -47.5 8159
0 5.19099 -47.5 8173
0 5.20326 -47.5 8182
0 5.19099 -47.5 8191
0 5.21553 -47.5 8202
0 5.28303 -47.5 8215
0 5.26462 -47.5 8224
0 5.24008 -47.5 8236
0 5.27076 -47.5 8245
0 5.28917 -47.5 8255
0 5.26462 -47.5 8265
0 5.31371 -47.5 8274
0 5.26462 -47.5 8283
0 5.27689 -47.5 8295
0 5.27076 -47.5 8306
0 5.30757 -47.5 8315
0 5.32598 -47.5 8324
0 5.33212 -47.5 8333
0 5.35052 -47.5 8344
0 5.33825 -47.5 8356
0 5.33825 -47.5 8365
0 5.39348 -48.0 8374
0 5.43029 -48.0 8383
0 5.41188 -48.0 8392
0 5.36280 -48.0 8404
0 5.33825 -48.0 8413
0 5.39961 -48.0 8423
0 5.38734 -48.0 8431
0 5.39961 -48.0 8442
0 5.36280 -48.0 8451
0 5.41802 -48.0 8461
0 5.40575 -48.0 8470
0 5.42416 -48.0 8481
0 5.41188 -48.0 8489
0 5.42416 -48.0 8500
0 5.43029 -48.0 8509
0 5.41802 -48.0 8518
0 5.41802 -48.0 8527
0 5.43029 -48.0 8537
0 5.44256 -48.0 8546
0 5.46097 -48.0 8555
0 5.42416 -48.0 8567
0 5.46711 -48.0 8577
0 5.41802 -48.0 8586
0 5.45484 -48.0 8596
0 5.46097 -48.0 8605
0 5.46711 -48.0 8614
0 5.45484 -48.0 8625
0 5.46097 -48.0 8634
0 5.47324 -48.0 8644
0 5.46711 -48.0 8653
0 5.45484 -48.0 8663
0 5.50392 -48.5 8672
0 5.48552 -48.0 8682
0 5.50392 -48.0 8691
0 5.49165 -48.0 8701
0 5.42416 -48.0 8710
0 5.50392 -48.5 8719
0 5.49779 -48.0 8729
0 5.48552 -48.5 8738
0 5.51006 -48.0 8747
0 5.49779 -48.5 8757
0 5.49779 -48.5 8766
0 5.48552 -48.5 8775
0 5.49165 -48.5 8784
0 5.46711 -48.0 8797
0 5.51006 -48.0 8811
0 5.48552 -48.5 8820
0 5.51006 -48.5 8829
0 5.50392 -48.0 8838
0 5.51006 -48.0 8849
0 5.50392 -48.0 8858
0 5.48552 -48.0 8868
0 5.48552 -48.5 8877
0 5.51619 -48.0 8889
0 5.47324 -48.5 8899
0 5.51006 -48.0 8908
0 5.51619 -48.0 8920
0 5.54687 -48.0 8929
0 5.49165 -48.0 8938
0 5.51619 -48.0 8948
0 5.52233 -48.0 8958
0 5.54074 -48.0 8969
0 5.52233 -48.0 8978
0 5.51619 -48.0 8987
0 5.53460 -48.0 8996
0 5.47938 -48.0 9005
0 5.52233 -48.0 9023
0 5.50392 -48.5 9034
0 5.52233 -48.0 9043
0 5.49779 -48.0 9054
0 5.54074 -48.0 9063
0 5.53460 -48.0 9072
0 5.53460 -48.0 9083
0 5.53460 -48.0 9092
0 5.55915 -48.5 9101
0 5.52847 -48.0 9110
0 5.60210 -48.0 9120
0 5.55301 -48.0 9131
0 5.55301 -48.0 9141
0 5.56528 -48.0 9150
0 5.57755 -48.5 9159
0 5.62664 -48.0 9171
0 5.54687 -48.0 9180
0 5.54074 -48.5 9191
0 5.56528 -48.0 9200
0 5.55301 -48.0 9210
0 5.55915 -48.0 9221
0 5.55915 -48.0 9230
0 5.58369 -48.0 9239
0 5.57142 -48.0 9248
0 5.58983 -48.0 9257
0 5.59596 -48.0 9269
0 5.58983 -48.0 9278
0 5.55915 -48.0 9288
0 5.57755 -48.0 9297
0 5.55915 -48.0 9307
0 5.60823 -48.0 9316
0 5.59596 -48.0 9325
0 5.62664 -48.0 9336
0 5.60823 -48.0 9345
0 5.60823 -48.0 9354
0 5.58983 -48.0 9364
0 5.65732 -48.0 9373
0 5.65119 -48.0 9383
0 5.60823 -48.0 9393
0 5.62051 -48.0 9403
0 5.60210 -48.0 9414
0 5.63891 -48.0 9423
0 5.58983 -48.0 9434
0 5.62664 -48.0 9443
0 5.65119 -48.0 9453
0 5.62664 -48.0 9462
0 5.67573 -48.0 9471
0 5.63891 -48.0 9480
0 5.61437 -48.0 9504
0 5.63278 -48.0 9513
0 5.62664 -48.0 9522
0 5.65119 -48.0 9533
0 5.68800 -48.0 9542
0 5.64505 -48.0 9551
0 5.63278 -48.0 9561
0 5.63278 -48.0 9570
0 5.60210 -48.0 9579
0 5.66346 -48.0 9588
0 5.65119 -48.0 9599
0 5.67573 -48.0 9609
0 5.65732 -48.0 9620
0 5.64505 -48.0 9629
0 5.62664 -48.0 9638
0 5.66959 -48.0 9647
0 5.65119 -48.0 9656
0 5.66346 -48.0 9665
0 5.65732 -48.0 9675
0 5.63891 -48.0 9684
0 5.63891 -48.0 9693
0 5.64505 -48.0 9702
0 5.65119 -48.0 9711
0 5.65732 -48.0 9722
0 5.65119 -48.0 9732
0 5.64505 -48.0 9741
0 5.64505 -48.0 9750
0 5.64505 -48.0 9759
0 5.65119 -48.0 9768
0 5.65732 -48.0 9779
0 5.65119 -48.5 9789
0 5.65119 -48.0 9800
0 5.66959 -48.0 9810
0 5.62051 -48.5 9819
0 5.63891 -48.0 9828
0 5.60823 -48.0 9838
0 5.65732 -48.0 9847
0 5.61437 -48.0 9856
0 5.58983 -48.0 9865
0 5.62051 -48.0 9874
0 5.65732 -48.0 9884
0 5.61437 -48.0 9893
0 5.63278 -48.0 9902
0 5.63278 -48.0 9911
