0 3.92699 -48.0 0
0 3.96994 -48.5 9
0 3.96994 -48.0 18
0 3.93313 -48.0 28
0 3.96994 -48.0 38
0 3.98835 -48.5 47
0 3.96381 -48.0 56
0 3.96381 -48.0 65
0 3.97608 -48.0 74
0 3.95153 -48.0 84
0 3.96381 -48.0 98
0 3.96381 -48.0 109
0 3.98835 -48.5 118
0 3.97608 -48.0 127
0 3.98221 -48.0 137
0 3.99449 -48.0 145
0 4.03130 -48.0 155
0 3.98835 -48.0 164
0 4.00062 -48.0 173
0 3.98221 -48.0 182
0 3.98221 -48.0 193
0 3.99449 -48.0 206
0 4.00062 -48.0 217
0 3.98221 -48.0 225
0 3.95153 -48.0 235
0 3.98221 -48.0 244
0 4.00062 -48.0 253
0 3.98835 -48.0 267
0 3.99449 -48.0 276
0 3.96381 -48.0 285
0 3.98221 -48.0 296
0 3.96381 -48.0 307
0 4.01903 -48.0 316
0 3.96381 -48.0 325
0 3.95767 -48.0 334
0 3.98221 -48.0 343
0 3.96994 -48.0 352
0 3.97608 -48.0 362
0 4.00676 -48.0 372
0 3.98835 -48.0 382
0 3.96994 -48.0 391
0 3.96381 -48.0 400
0 3.96994 -48.0 412
0 4.00676 -48.0 421
0 3.98835 -48.0 430
0 4.01289 -48.0 440
0 3.98835 -48.0 453
0 4.03744 -48.0 462
0 4.00062 -48.0 472
0 3.98835 -48.0 483
0 4.00676 -48.0 491
0 3.98835 -48.0 501
0 3.99449 -48.0 510
0 3.96994 -48.0 519
0 3.96381 -48.0 528
0 4.01903 -48.0 541
0 3.97608 -48.0 550
0 3.96994 -48.0 559
0 3.98221 -48.0 572
0 3.97608 -48.0 581
0 4.00062 -48.0 590
0 3.96994 -48.0 599
0 3.98835 -48.0 610
0 4.02517 -48.0 619
0 3.98835 -48.0 629
0 3.99449 -48.0 639
0 3.96994 -48.0 649
0 3.98221 -48.0 658
0 4.00676 -48.0 672
0 3.97608 -48.0 685
0 3.96994 -48.0 695
0 3.98835 -48.0 705
0 4.00676 -48.0 714
0 3.95767 -48.0 726
0 4.00676 -48.0 735
0 4.00062 -48.0 744
0 4.00062 -48.0 755
0 4.00676 -48.0 765
0 3.95153 -48.0 774
0 3.99449 -48.0 783
0 4.02517 -48.0 792
0 3.96994 -48.0 802
0 4.00062 -48.0 814
0 4.00676 -48.0 823
0 3.98835 -48.0 832
0 4.06198 -48.0 841
0 4.03744 -48.0 851
0 4.03130 -48.0 860
0 3.98221 -48.0 869
0 4.00062 -48.0 879
0 4.00676 -48.0 889
0 3.98835 -48.0 898
0 3.98221 -48.0 907
0 4.00062 -48.0 917
0 3.95767 -48.0 926
0 3.96994 -48.0 937
0 4.01289 -48.0 947
0 3.96994 -48.0 956
0 4.01289 -48.0 966
0 4.01289 -48.0 975
0 4.01289 -48.0 984
0 3.97608 -48.0 993
0 4.00062 -48.0 1004
0 3.97608 -48.0 1013
0 4.00062 -48.0 1022
0 4.00676 -48.0 1031
0 4.01903 -48.0 1040
0 3.99449 -48.0 1049
0 4.03130 -48.0 1059
0 4.01289 -48.0 1074
0 4.05585 -48.0 1083
0 4.01289 -48.0 1092
0 4.00676 -48.0 1104
0 4.01903 -48.0 1113
0 4.06198 -48.0 1122
0 4.01903 -48.0 1132
0 3.98835 -48.0 1141
0 3.98835 -48.0 1152
0 4.01903 -48.0 1162
0 4.00062 -48.0 1171
0 4.03744 -48.0 1181
0 4.01903 -48.0 1193
0 4.06198 -48.0 1202
0 4.01289 -48.0 1211
0 4.03744 -48.0 1220
0 4.01289 -48.0 1229
0 3.97608 -48.0 1238
0 4.03744 -48.0 1249
0 3.98221 -48.0 1259
0 4.01903 -48.0 1270
0 4.03744 -48.0 1279
0 4.01289 -48.0 1288
0 4.01903 -48.0 1297
0 4.06812 -48.0 1308
0 4.02517 -48.0 1320
0 4.03744 -48.0 1329
0 3.99449 -48.0 1338
0 4.00062 -48.0 1348
0 4.02517 -48.0 1358
0 3.98221 -48.0 1367
0 4.01903 -48.0 1376
0 4.00062 -48.0 1387
0 4.01289 -48.0 1395
0 4.01289 -48.0 1405
0 4.03744 -48.0 1415
0 3.99449 -48.0 1424
0 4.01289 -48.0 1433
0 4.03130 -48.0 1444
0 4.04357 -48.0 1454
0 4.03744 -48.0 1463
0 4.04357 -48.0 1473
0 4.01289 -48.0 1483
0 4.06812 -48.0 1493
0 4.01289 -48.0 1502
0 4.00062 -48.0 1513
0 4.00676 -48.0 1522
0 4.02517 -48.0 1531
0 3.96381 -48.0 1541
0 4.03130 -48.0 1550
0 3.98835 -48.0 1559
0 3.97608 -48.0 1568
0 3.98221 -48.0 1577
0 4.00062 -48.0 1586
0 4.00676 -48.0 1595
0 3.98835 -48.0 1606
0 4.00676 -48.0 1615
0 4.01289 -48.0 1624
0 4.03130 -48.0 1633
0 4.00062 -48.0 1642
0 3.99449 -48.0 1651
0 4.01903 -48.0 1661
0 4.02517 -48.0 1670
0 3.99449 -48.0 1680
0 4.00062 -48.0 1689
0 4.01289 -48.0 1699
0 4.04357 -48.0 1708
0 3.99449 -48.0 1720
0 3.97608 -48.0 1729
0 4.01289 -48.0 1738
0 4.02517 -48.0 1747
0 4.00676 -48.0 1756
0 3.99449 -48.0 1765
0 3.96994 -48.0 1774
0 3.98835 -48.0 1783
0 4.01289 -48.0 1792
0 3.98835 -48.0 1803
0 3.94540 -48.0 1812
0 3.97608 -48.0 1822
0 3.99449 -48.0 1833
0 3.98221 -48.0 1842
0 4.01903 -48.5 1853
0 3.96994 -48.0 1862
0 4.03744 -48.0 1871
0 4.00676 -48.0 1882
0 3.97608 -48.0 1900
0 3.96381 -48.0 1908
0 4.00676 -48.0 1921
0 3.95767 -48.0 1930
0 3.99449 -48.0 1941
0 3.99449 -48.0 1950
0 3.93926 -48.0 1959
0 4.00676 -48.0 1984
0 4.00676 -48.5 1994
0 4.04357 -48.5 2003
0 4.01903 -48.0 2012
0 3.98835 -48.5 2021
0 4.00676 -48.0 2033
0 4.01289 -48.0 2042
0 3.99449 -48.0 2051
0 4.03130 -48.0 2060
0 4.01289 -48.0 2071
0 3.98221 -48.0 2080
0 4.06812 -48.0 2089
0 4.01903 -48.0 2100
0 4.04357 -48.0 2109
0 4.02517 -48.0 2118
0 3.99449 -48.0 2128
0 4.01289 -48.5 2137
0 4.01903 -48.0 2146
0 4.01289 -48.0 2157
0 4.04971 -48.5 2166
0 3.99449 -48.0 2175
0 3.99449 -48.5 2185
0 3.98221 -48.0 2195
0 4.01289 -48.0 2204
0 4.02517 -48.5 2215
0 4.01903 -48.5 2224
0 4.00676 -48.5 2233
0 4.06198 -48.0 2242
0 4.01289 -48.5 2251
0 4.09266 -48.0 2260
0 3.98221 -48.5 2271
0 4.03130 -48.5 2280
0 4.03130 -48.0 2294
0 4.00062 -48.0 2304
0 4.00062 -48.0 2313
0 4.00676 -48.5 2323
0 4.00676 -48.0 2333
0 3.98835 -48.0 2343
0 4.00676 -48.0 2351
0 4.04357 -48.0 2361
0 4.00676 -48.0 2370
0 4.00676 -48.0 2379
0 3.98221 -48.0 2389
0 4.01289 -48.0 2399
0 3.95767 -48.0 2409
0 3.97608 -48.0 2419
0 4.01289 -48.0 2428
0 4.00062 -48.0 2437
0 4.01903 -48.0 2447
0 4.00062 -48.0 2456
0 4.04357 -48.0 2465
0 4.04971 -48.0 2474
0 4.00062 -48.0 2485
0 3.99449 -48.0 2494
0 4.01289 -48.0 2503
0 3.96994 -48.0 2512
0 4.00676 -48.0 2522
0 4.04357 -48.0 2531
0 3.98835 -48.0 2540
0 4.01903 -48.0 2549
0 4.01903 -48.0 2558
0 4.04357 -48.0 2567
0 4.03130 -48.0 2578
0 4.00676 -48.0 2587
0 4.03744 -48.0 2599
0 4.06812 -48.0 2609
0 4.03744 -48.0 2619
0 4.00676 -48.0 2628
0 4.05585 -48.5 2639
0 4.03130 -48.0 2648
0 3.99449 -48.0 2657
0 4.00062 -48.0 2668
0 4.03744 -48.0 2678
0 4.04357 -48.0 2687
0 4.04971 -48.0 2696
0 4.01289 -48.0 2706
0 3.99449 -48.0 2716
0 4.06812 -48.0 2726
0 3.98835 -48.0 2735
0 4.04357 -48.0 2744
0 4.01289 -48.0 2753
0 4.02517 -48.0 2764
0 3.99449 -48.0 2773
0 4.00062 -48.5 2783
0 4.02517 -48.0 2792
0 4.02517 -48.0 2802
0 4.01289 -48.0 2811
0 4.02517 -48.0 2821
0 4.06812 -48.5 2830
0 4.03130 -48.0 2839
0 4.02517 -48.0 2848
0 4.01903 -48.0 2857
0 4.04357 -48.0 2867
0 4.02517 -48.0 2877
0 4.04357 -48.0 2886
0 4.01903 -48.0 2896
0 4.01903 -48.5 2908
0 4.02517 -48.0 2917
0 4.02517 -48.0 2926
0 4.02517 -48.0 2936
0 3.97608 -48.0 2945
0 4.00062 -48.0 2954
0 4.06198 -48.0 2963
0 4.00062 -48.5 2974
0 4.01903 -48.0 2984
0 4.02517 -48.0 2993
0 3.98835 -48.0 3002
0 3.99449 -48.0 3011
0 3.99449 -48.0 3021
0 4.03130 -48.0 3030
0 4.05585 -48.5 3039
0 4.01903 -48.0 3048
0 4.01289 -48.0 3057
0 4.04357 -48.0 3066
0 4.03130 -48.0 3077
0 4.03744 -48.0 3089
0 3.97608 -48.0 3099
0 3.98221 -48.5 3108
0 4.01289 -48.0 3117
0 4.03744 -48.0 3126
0 4.01289 -48.0 3135
0 4.05585 -48.0 3144
0 4.02517 -48.0 3154
0 3.99449 -48.0 3163
0 3.98835 -48.0 3172
0 4.04357 -48.0 3181
0 4.03130 -48.0 3190
0 4.02517 -48.0 3200
0 4.00676 -48.0 3211
0 3.99449 -48.5 3224
0 4.05585 -48.0 3236
0 3.98835 -48.0 3245
0 4.03744 -48.0 3255
0 4.00062 -48.0 3265
0 4.01903 -48.0 3275
0 4.01903 -48.0 3284
0 4.03130 -48.0 3293
0 4.04971 -48.0 3303
0 4.01903 -48.0 3312
0 4.01903 -48.0 3322
0 4.03744 -48.0 3331
0 4.00676 -48.0 3340
0 4.00062 -48.0 3349
0 4.01289 -48.0 3359
0 4.00676 -48.0 3369
0 4.04357 -48.0 3379
0 4.00676 -48.0 3388
0 4.04971 -48.0 3398
0 4.01289 -48.0 3408
0 4.01903 -48.0 3417
0 4.03744 -48.0 3428
0 4.00062 -48.5 3439
0 4.08039 -48.0 3448
0 4.01903 -48.5 3457
0 4.03130 -48.0 3469
0 4.00676 -48.0 3478
0 4.03130 -48.0 3487
0 4.00062 -48.5 3496
0 4.00062 -48.0 3505
0 4.01903 -48.0 3515
0 4.00062 -48.0 3523
0 4.02517 -48.0 3533
0 3.98221 -48.5 3542
0 4.08652 -48.5 3551
0 4.00676 -48.0 3562
0 4.04971 -48.5 3572
0 4.03130 -48.5 3582
0 4.00062 -48.0 3591
0 4.01903 -48.0 3600
0 4.01289 -48.0 3609
0 4.05585 -48.5 3619
0 4.01289 -48.0 3628
0 4.01903 -48.5 3637
0 4.03130 -48.5 3646
0 3.98835 -48.0 3655
0 4.02517 -48.0 3664
0 4.03130 -48.5 3673
0 4.02517 -48.5 3685
0 3.98835 -48.0 3693
0 3.98835 -48.0 3704
0 3.98835 -48.5 3713
0 4.06812 -48.0 3722
0 4.03130 -48.0 3731
0 3.98835 -48.0 3740
0 3.95767 -48.5 3750
0 3.95767 -48.0 3761
0 4.03744 -48.5 3770
0 4.06198 -48.0 3779
0 4.04357 -48.5 3798
0 4.00676 -48.5 3809
0 4.02517 -48.0 3817
0 3.98221 -48.0 3827
0 4.01903 -48.5 3836
0 4.02517 -48.0 3845
0 4.03130 -48.0 3854
0 4.01903 -48.5 3866
0 4.00062 -48.5 3877
0 4.00676 -48.5 3889
0 3.98835 -48.5 3900
0 4.01903 -48.0 3910
0 4.00676 -48.5 3920
0 4.01289 -48.5 3930
0 3.96381 -48.5 3941
0 4.03130 -48.5 3951
0 3.97608 -48.0 3960
0 4.00676 -48.0 3970
0 4.00062 -48.5 3981
0 4.00676 -48.5 3990
0 4.03130 -48.5 3999
0 4.06198 -48.5 4008
0 4.03130 -48.5 4017
0 4.00676 -48.5 4030
0 4.01289 -48.0 4039
0 4.00062 -48.5 4048
0 4.00062 -48.5 4057
0 3.96994 -48.0 4066
0 4.00676 -48.5 4076
0 3.95153 -48.0 4086
0 4.03744 -48.5 4095
0 4.01903 -48.5 4104
0 3.98835 -48.5 4115
0 4.00062 -48.5 4124
0 4.04971 -48.5 4133
0 3.97608 -48.5 4144
0 4.01903 -48.5 4153
0 4.00062 -48.5 4162
0 3.98221 -48.5 4173
0 4.00062 -48.0 4182
0 4.01289 -48.5 4191
0 3.97608 -48.0 4200
0 4.01903 -48.5 4209
0 4.00676 -48.5 4218
0 4.01289 -48.5 4227
0 4.01903 -48.5 4236
0 3.98221 -48.0 4245
0 4.00062 -48.0 4255
0 4.00062 -48.0 4264
0 4.02517 -48.5 4277
0 4.02517 -48.5 4286
0 4.03130 -48.5 4295
0 4.00062 -48.0 4305
0 4.01903 -48.0 4316
0 4.05585 -48.0 4325
0 4.00676 -48.5 4334
0 4.02517 -48.0 4344
0 4.01289 -48.5 4354
0 4.04971 -48.0 4363
0 4.00062 -48.5 4372
0 4.01289 -48.5 4381
0 3.97608 -48.0 4391
0 4.00062 -48.0 4399
0 4.04357 -48.5 4409
0 4.05585 -48.0 4421
0 4.00676 -48.5 4430
0 3.96381 -48.5 4439
0 4.05585 -48.5 4448
0 4.02517 -48.5 4458
0 4.00676 -48.5 4467
0 4.00676 -48.0 4476
0 3.99449 -48.5 4486
0 4.04357 -48.0 4496
0 4.02517 -48.5 4506
0 3.98221 -48.0 4515
0 4.01289 -48.5 4526
0 4.05585 -48.0 4535
0 4.01289 -48.0 4544
0 4.00676 -48.5 4553
0 4.00676 -48.5 4563
0 4.01903 -48.5 4572
0 4.02517 -48.5 4582
0 4.03744 -48.5 4591
0 3.98835 -48.5 4601
0 4.04971 -48.5 4610
0 4.04971 -48.5 4619
0 4.05585 -48.5 4629
0 4.01289 -48.0 4639
0 4.00676 -48.0 4649
0 3.97608 -48.5 4660
0 4.03130 -48.0 4669
0 3.97608 -48.5 4678
0 3.99449 -48.5 4687
0 4.00676 -48.0 4698
0 4.02517 -48.5 4711
0 4.01289 -48.5 4720
0 4.05585 -48.5 4729
0 4.03744 -48.5 4738
0 3.96994 -48.0 4748
0 4.01903 -48.5 4762
0 4.04971 -48.5 4773
0 3.96994 -48.5 4783
0 4.01903 -48.5 4792
0 3.99449 -48.5 4804
0 4.05585 -48.5 4813
0 3.96994 -48.5 4823
0 4.01903 -48.5 4832
0 4.01289 -48.5 4842
0 4.06198 -48.5 4850
0 4.03744 -48.0 4860
0 4.08039 -48.5 4869
0 4.01289 -48.5 4878
0 4.04971 -48.5 4889
0 4.04357 -48.0 4898
0 4.00676 -48.0 4907
0 4.04357 -48.5 4916
0 3.97608 -48.5 4926
0 4.03130 -48.5 4935
0 4.06812 -48.5 4944
0 4.00676 -48.5 4953
0 3.96994 -48.5 4963
0 4.03130 -48.5 4973
0 4.01903 -48.5 4983
0 4.02517 -48.5 4993
0 4.00062 -48.5 5002
0 4.01289 -48.5 5012
0 4.03744 -48.5 5021
0 4.02517 -48.5 5030
0 4.02517 -48.5 5040
0 4.02517 -48.5 5050
0 4.04971 -48.5 5058
0 4.00062 -48.5 5070
0 4.02517 -48.5 5080
0 4.03130 -48.5 5093
0 4.01903 -48.5 5107
0 4.01903 -48.5 5116
0 4.00062 -48.5 5126
0 4.01903 -48.5 5136
0 4.05585 -48.5 5145
0 4.02517 -48.5 5154
0 4.02517 -48.5 5163
0 4.02517 -48.5 5174
0 4.01903 -48.0 5184
0 4.02517 -48.5 5193
0 4.01289 -48.0 5202
0 4.01289 -48.5 5211
0 4.00676 -48.0 5221
0 4.04357 -48.5 5230
0 4.04971 -48.0 5239
0 4.02517 -48.5 5248
0 4.02517 -48.0 5258
0 4.00062 -48.5 5268
0 4.04357 -48.5 5277
0 4.00062 -48.0 5288
0 4.04357 -48.0 5297
0 4.02517 -48.5 5306
0 4.01903 -48.0 5315
0 4.04971 -48.0 5326
0 4.02517 -48.5 5335
0 4.06198 -48.5 5344
0 4.04357 -48.5 5354
0 3.99449 -48.5 5363
0 4.01289 -48.0 5374
0 4.01289 -48.0 5385
0 4.04971 -48.0 5394
0 4.06198 -48.0 5403
0 4.02517 -48.0 5412
0 4.05585 -48.0 5421
0 4.00676 -48.5 5430
0 4.00676 -48.5 5440
0 4.05585 -48.0 5449
0 4.03744 -48.0 5459
0 4.05585 -48.0 5469
0 4.04357 -48.5 5478
0 4.06812 -48.0 5487
0 4.01289 -48.0 5496
0 4.03130 -48.0 5506
0 4.05585 -48.5 5516
0 4.04357 -48.5 5525
0 4.00676 -48.5 5534
0 4.04357 -48.0 5544
0 4.03130 -48.0 5553
0 4.03744 -48.0 5562
0 4.08039 -48.0 5573
0 4.07425 -48.0 5582
0 4.06198 -48.0 5592
0 4.03130 -48.0 5601
0 4.06812 -48.0 5614
0 4.04357 -48.0 5623
0 4.06812 -48.0 5632
0 4.06812 -48.0 5641
0 4.08652 -48.5 5651
0 4.00062 -48.0 5660
0 4.04971 -48.0 5670
0 4.03744 -48.0 5681
0 4.02517 -48.0 5706
0 4.06812 -48.5 5715
0 4.03744 -48.0 5727
0 4.04971 -48.0 5737
0 4.03744 -48.0 5746
0 4.02517 -48.0 5755
0 4.05585 -48.0 5767
0 4.05585 -48.0 5776
0 4.06812 -48.0 5785
0 4.09880 -48.0 5794
0 4.07425 -48.0 5804
0 4.04971 -48.0 5814
0 4.06812 -48.0 5823
0 4.06812 -48.0 5833
0 4.07425 -48.0 5842
0 4.11107 -48.0 5853
0 4.08652 -48.0 5862
0 4.05585 -48.0 5871
0 4.08039 -48.0 5882
0 4.09266 -48.0 5891
0 4.06812 -48.0 5900
0 4.15402 -48.0 5910
0 4.06812 -48.0 5919
0 4.10493 -48.0 5928
0 4.08652 -48.0 5939
0 4.09880 -48.0 5948
0 4.04971 -48.0 5957
0 4.04357 -48.0 5966
0 4.06812 -48.0 5976
0 4.07425 -48.0 5985
0 4.12334 -48.0 5994
0 4.09266 -48.0 6003
0 4.15402 -48.0 6013
0 4.05585 -48.0 6022
0 4.09266 -48.0 6031
0 4.08652 -48.0 6040
0 4.04357 -48.0 6049
0 4.10493 -48.0 6058
0 4.09880 -48.0 6069
0 4.11720 -48.0 6078
0 4.11107 -48.0 6088
0 4.08652 -48.0 6097
0 4.08652 -48.0 6106
0 4.08039 -48.0 6115
0 4.06812 -48.0 6124
0 4.09880 -48.0 6133
0 4.10493 -48.0 6144
0 4.11720 -48.0 6154
0 4.07425 -48.0 6166
0 4.05585 -48.0 6176
0 4.09880 -48.0 6187
0 4.13561 -48.0 6196
0 4.08652 -48.0 6207
0 4.11107 -48.0 6216
0 4.09880 -48.0 6226
0 4.11107 -48.0 6235
0 4.08039 -48.0 6244
0 4.09266 -48.0 6253
0 4.07425 -48.0 6263
0 4.09266 -48.0 6272
0 4.08039 -48.0 6281
0 4.08652 -48.0 6292
0 4.12334 -48.0 6301
0 4.11720 -48.0 6310
0 4.06812 -48.0 6319
0 4.09880 -48.0 6328
0 4.10493 -48.0 6337
0 4.09266 -48.0 6348
0 4.06812 -48.0 6358
0 4.13561 -48.0 6368
0 4.09880 -48.0 6377
0 4.12948 -48.0 6389
0 4.09880 -48.0 6400
0 4.06812 -48.0 6410
0 4.11107 -48.0 6419
0 4.09880 -48.0 6429
0 4.10493 -48.0 6438
0 4.09266 -48.0 6449
0 4.10493 -48.0 6458
0 4.06812 -48.0 6467
0 4.11720 -48.0 6477
0 4.04971 -48.0 6486
0 4.08652 -48.0 6497
0 4.12948 -48.0 6506
0 4.09266 -48.0 6516
0 4.08652 -48.0 6525
0 4.11107 -48.0 6534
0 4.09880 -48.0 6543
0 4.10493 -48.0 6552
0 4.08652 -48.0 6563
0 4.10493 -48.0 6573
0 4.09880 -48.0 6584
0 4.03744 -48.0 6597
0 4.06812 -48.0 6606
0 4.11720 -48.0 6615
0 4.07425 -48.0 6624
0 4.09266 -48.0 6635
0 4.13561 -48.0 6644
0 4.10493 -48.0 6653
0 4.09266 -48.0 6665
0 4.10493 -48.0 6675
0 4.12948 -48.0 6685
0 4.10493 -48.0 6694
0 4.08039 -48.0 6704
0 4.10493 -48.0 6714
0 4.09880 -48.0 6724
0 4.11720 -48.0 6733
0 4.11720 -48.0 6743
0 4.10493 -48.0 6755
0 4.10493 -48.0 6765
0 4.11107 -48.0 6775
0 4.07425 -48.0 6787
0 4.09880 -48.0 6796
0 4.11720 -48.0 6805
0 4.08039 -48.0 6815
0 4.09266 -48.0 6824
0 4.11107 -48.0 6834
0 4.09266 -48.0 6844
0 4.13561 -48.0 6854
0 4.14788 -48.0 6865
0 4.08652 -48.0 6874
0 4.12948 -48.0 6883
0 4.11107 -48.0 6892
0 4.09880 -48.0 6903
0 4.11107 -48.0 6912
0 4.19084 -48.0 6922
0 4.12334 -48.0 6932
0 4.11720 -48.0 6942
0 4.10493 -48.0 6951
0 4.11107 -48.0 6963
0 4.11720 -48.0 6973
0 4.10493 -48.0 6982
0 4.11720 -48.0 6991
0 4.11720 -48.0 7004
0 4.12334 -48.0 7013
0 4.12334 -48.0 7022
0 4.14175 -48.0 7033
0 4.14175 -48.0 7042
0 4.12948 -48.0 7051
0 4.11107 -48.0 7060
0 4.14788 -48.0 7069
0 4.11107 -48.0 7080
0 4.13561 -48.0 7090
0 4.12948 -48.0 7099
0 4.11720 -48.0 7108
0 4.13561 -48.0 7118
0 4.13561 -48.0 7129
0 4.11720 -48.0 7138
0 4.12948 -48.0 7147
0 4.16016 -48.0 7156
0 4.12334 -48.0 7165
0 4.14788 -48.0 7174
0 4.09266 -48.0 7185
0 4.11720 -48.0 7194
0 4.11107 -48.0 7205
0 4.13561 -48.0 7214
0 4.12334 -48.0 7223
0 4.12948 -48.0 7233
0 4.09880 -48.0 7243
0 4.13561 -48.0 7252
0 4.11720 -48.0 7261
0 4.11720 -48.0 7272
0 4.16629 -48.0 7281
0 4.14175 -48.0 7292
0 4.11107 -48.0 7301
0 4.05585 -48.0 7311
0 4.09880 -48.0 7320
0 4.09266 -48.0 7330
0 4.11720 -48.0 7339
0 4.09880 -48.0 7348
0 4.11107 -48.0 7361
0 4.10493 -48.0 7373
0 4.07425 -48.0 7384
0 4.09880 -48.0 7393
0 4.08039 -48.0 7402
0 4.06812 -48.0 7413
0 4.08652 -48.0 7422
0 4.14175 -48.0 7431
0 4.09266 -48.0 7440
0 4.09880 -48.0 7451
0 4.12948 -48.0 7460
0 4.10493 -48.0 7469
0 4.12334 -48.0 7478
0 4.04357 -48.0 7488
0 4.07425 -48.0 7499
0 4.13561 -48.0 7508
0 4.06812 -48.0 7519
0 4.09266 -48.0 7527
0 4.09266 -48.0 7537
0 4.04357 -48.0 7548
0 4.08652 -48.0 7557
0 4.08652 -48.0 7566
0 4.14788 -48.0 7576
0 4.09880 -48.0 7607
0 4.13561 -48.0 7617
0 4.06812 -48.0 7628
0 4.10493 -48.0 7637
0 4.05585 -48.0 7646
0 4.06198 -48.0 7657
0 4.09266 -48.0 7666
0 4.09266 -48.0 7675
0 4.08039 -48.0 7684
0 4.09266 -48.0 7693
0 4.08652 -48.0 7702
0 4.10493 -48.0 7712
0 4.09266 -48.0 7721
0 4.09880 -48.0 7730
0 4.03130 -48.0 7739
0 4.09880 -48.0 7748
0 4.06812 -48.0 7759
0 4.03744 -48.0 7770
0 4.06198 -48.0 7781
0 4.08652 -48.0 7795
0 4.04357 -48.0 7804
0 4.03744 -48.0 7813
0 4.06198 -48.0 7822
0 4.06812 -48.0 7833
0 4.07425 -48.0 7842
0 4.10493 -48.0 7854
0 4.04971 -48.5 7863
0 4.16016 -48.0 7873
0 4.08652 -48.0 7885
0 4.06812 -48.0 7896
0 4.03744 -48.0 7905
0 4.09880 -48.0 7914
0 4.10493 -48.0 7923
0 4.04971 -48.0 7932
0 4.06198 -48.0 7942
0 4.07425 -48.0 7951
0 4.06198 -48.0 7960
0 4.12334 -48.5 7969
0 4.08652 -48.0 7979
0 4.08039 -48.0 7990
0 4.07425 -48.0 7999
0 4.17243 -48.0 8008
0 4.09880 -48.0 8017
0 4.09266 -48.0 8027
0 4.06198 -48.0 8035
0 4.04971 -48.0 8045
0 4.05585 -48.0 8055
0 4.06812 -48.0 8064
0 4.06198 -48.0 8073
0 4.08039 -48.0 8083
0 4.06198 -48.5 8092
0 4.04357 -48.0 8101
0 4.06812 -48.0 8110
0 4.08652 -48.0 8119
0 4.09880 -48.0 8128
0 4.08652 -48.0 8139
0 4.04357 -48.0 8149
0 4.06812 -48.0 8158
0 4.14175 -48.5 8169
0 4.06812 -48.0 8178
0 4.06812 -48.0 8187
0 4.06198 -48.0 8198
0 4.08039 -48.0 8208
0 4.06812 -48.0 8218
0 4.06198 -48.0 8227
0 4.06812 -48.0 8236
0 4.04357 -48.0 8246
0 4.06198 -48.0 8255
0 4.08652 -48.0 8264
0 4.04357 -48.0 8274
0 4.02517 -48.0 8283
0 4.07425 -48.0 8294
0 4.09880 -48.0 8304
0 4.02517 -48.0 8314
0 4.06198 -48.0 8324
0 4.07425 -48.0 8333
0 4.04357 -48.0 8343
0 4.06812 -48.0 8354
0 4.04357 -48.0 8363
0 4.04971 -48.0 8372
0 4.09266 -48.0 8382
0 4.03744 -48.0 8392
0 4.03744 -48.0 8402
0 4.08039 -48.0 8411
0 4.06812 -48.0 8422
0 4.09266 -48.0 8431
0 4.04357 -48.0 8440
0 4.05585 -48.0 8449
0 4.09880 -48.0 8459
0 4.02517 -48.0 8468
0 4.01903 -48.0 8478
0 4.07425 -48.0 8487
0 4.08652 -48.0 8498
0 4.07425 -48.0 8509
0 4.06198 -48.0 8517
0 4.00676 -48.0 8527
0 4.06198 -48.0 8536
0 4.06812 -48.0 8545
0 4.06812 -48.0 8554
0 4.06812 -48.0 8565
0 4.09266 -48.0 8574
0 4.03130 -48.0 8583
0 4.06812 -48.0 8592
0 4.07425 -48.0 8604
0 4.03130 -48.0 8613
0 4.07425 -48.0 8623
0 4.08039 -48.0 8634
0 4.09266 -48.0 8644
0 4.04357 -48.0 8656
0 4.04971 -48.0 8666
0 4.08039 -48.0 8676
0 4.05585 -48.0 8685
0 4.06198 -48.0 8694
0 4.03130 -48.0 8706
0 4.05585 -48.0 8716
0 4.03130 -48.0 8725
0 4.09266 -48.0 8735
0 4.06198 -48.0 8744
0 4.03744 -48.0 8753
0 4.08652 -48.0 8762
0 4.04971 -48.0 8774
0 4.05585 -48.0 8783
0 4.06812 -48.0 8792
0 4.03744 -48.0 8801
0 4.04357 -48.0 8810
0 4.04971 -48.0 8820
0 4.07425 -48.0 8829
0 4.09880 -48.0 8838
0 4.07425 -48.0 8849
0 4.05585 -48.0 8858
0 4.06198 -48.0 8867
0 4.06198 -48.0 8876
0 4.08652 -48.0 8886
0 4.04971 -48.0 8895
0 4.02517 -48.0 8904
0 4.04357 -48.0 8913
0 4.08652 -48.0 8922
0 4.05585 -48.0 8931
0 4.04357 -48.0 8941
0 4.03130 -48.0 8952
0 4.04357 -48.0 8962
0 4.05585 -48.0 8971
0 4.04971 -48.0 8980
0 4.04357 -48.0 8989
0 4.06812 -48.0 9001
0 4.04971 -48.0 9010
0 4.04971 -48.0 9019
0 4.04357 -48.0 9028
0 4.02517 -48.0 9037
0 4.07425 -48.0 9046
0 4.08039 -48.0 9057
0 4.04357 -48.0 9066
0 4.04971 -48.0 9077
0 4.04357 -48.0 9088
0 4.03744 -48.0 9099
0 4.04971 -48.0 9108
0 4.11720 -48.0 9118
0 4.05585 -48.0 9127
0 4.08039 -48.0 9136
0 4.03744 -48.0 9146
0 4.06198 -48.0 9157
0 4.06198 -48.0 9166
0 4.04357 -48.0 9176
0 4.06198 -48.0 9185
0 4.06198 -48.0 9198
0 4.06812 -48.5 9209
0 4.03744 -48.0 9218
0 4.05585 -48.0 9228
0 4.03130 -48.0 9237
0 4.06198 -48.0 9247
0 4.07425 -48.0 9256
0 4.04971 -48.0 9265
0 4.00676 -48.0 9276
0 4.04357 -48.0 9285
0 4.09880 -48.0 9294
0 4.04971 -48.0 9303
0 4.07425 -48.0 9312
0 4.05585 -48.0 9322
0 4.09880 -48.0 9331
0 4.06198 -48.0 9340
0 4.06198 -48.0 9349
0 4.06198 -48.0 9359
0 4.05585 -48.0 9368
0 4.03744 -48.0 9378
0 4.04971 -48.0 9387
0 4.03744 -48.0 9396
0 4.04971 -48.0 9405
0 4.02517 -48.0 9414
0 4.03130 -48.0 9425
0 4.05585 -48.0 9437
0 4.04357 -48.5 9446
0 4.06812 -48.5 9456
0 4.02517 -48.0 9465
0 4.03130 -48.0 9474
0 4.02517 -48.0 9483
0 4.05585 -48.0 9503
0 4.09880 -48.0 9512
0 4.07425 -48.0 9522
0 4.03130 -48.0 9533
0 4.06198 -48.0 9542
0 4.03744 -48.0 9554
0 4.06198 -48.0 9566
0 4.06812 -48.0 9575
0 4.08652 -48.5 9585
0 4.08039 -48.0 9596
0 4.04971 -48.0 9605
0 4.03744 -48.0 9614
0 4.03744 -48.0 9623
0 4.05585 -48.0 9634
0 4.04357 -48.0 9644
0 4.04357 -48.0 9653
0 4.05585 -48.0 9662
0 4.05585 -48.0 9671
0 4.09266 -48.0 9680
0 4.06812 -48.0 9691
0 4.03130 -48.0 9701
0 4.03744 -48.0 9712
0 4.03744 -48.0 9723
0 4.05585 -48.0 9732
0 4.04357 -48.0 9741
0 4.04971 -48.0 9751
0 4.08652 -48.0 9760
0 4.03744 -48.0 9771
0 4.01903 -48.0 9780
0 4.03744 -48.0 9789
0 4.05585 -48.0 9798
0 4.03130 -48.5 9807
0 4.04971 -48.0 9818
0 4.04357 -48.0 9827
0 4.01289 -48.0 9839
0 4.05585 -48.0 9848
0 4.05585 -48.0 9859
0 4.07425 -48.0 9868
0 4.04971 -48.0 9877
0 4.03744 -48.0 9886
0 4.01289 -48.5 9896
