0 0.22703 -52.0 0
0 0.26384 -52.5 12
0 0.25771 -52.5 24
0 0.23317 -52.5 33
0 0.25157 -52.5 43
0 0.21476 -52.5 52
0 0.26384 -52.5 61
0 0.22703 -52.5 70
0 0.23930 -52.5 79
0 0.23930 -52.5 89
0 0.21476 -52.0 99
0 0.28225 -52.5 108
0 0.20862 -52.5 117
0 0.23317 -52.5 127
0 0.24544 -52.5 135
0 0.22089 -52.0 145
0 0.30680 -52.5 154
0 0.26998 -52.5 163
0 0.21476 -52.5 175
0 0.26384 -52.5 185
0 0.22089 -52.5 198
0 0.32520 -52.5 209
0 0.22089 -52.0 220
0 0.16567 -52.5 229
0 0.22089 -52.0 239
0 0.25157 -52.5 248
0 0.24544 -52.5 257
0 0.20862 -52.5 266
0 0.20862 -52.5 275
0 0.19635 -52.5 286
0 0.21476 -53.0 295
0 0.20249 -52.5 304
0 0.25771 -52.5 313
0 0.27612 -52.5 324
0 0.14726 -52.5 333
0 0.20862 -52.5 342
0 0.20249 -52.5 351
0 0.20249 -52.5 361
0 0.25771 -52.5 371
0 0.16567 -52.5 380
0 0.15340 -52.5 390
0 0.24544 -52.5 399
0 0.23930 -52.5 408
0 0.14726 -52.5 419
0 0.27612 -52.5 428
0 0.21476 -52.5 439
0 0.29452 -52.5 448
0 0.13499 -52.5 457
0 0.23317 -52.5 466
0 0.23317 -52.5 475
0 0.18408 -52.0 485
0 0.19021 -52.5 494
0 0.22089 -52.5 503
0 0.14113 -52.5 512
0 0.22703 -52.5 523
0 0.20862 -52.5 532
0 0.21476 -52.5 541
0 0.20862 -52.5 551
0 0.19635 -52.5 562
0 0.20249 -52.5 571
0 0.18408 -52.5 580
0 0.22089 -52.5 589
0 0.21476 -52.5 600
0 0.23317 -52.5 609
0 0.21476 -52.5 621
0 0.17794 -52.5 630
0 0.25771 -52.5 640
0 0.23317 -52.5 649
0 0.23317 -52.5 658
0 0.21476 -52.5 667
0 0.20862 -52.5 676
0 0.22703 -52.5 690
0 0.32520 -52.5 699
0 0.21476 -52.5 709
0 0.22703 -52.5 718
0 0.22089 -52.5 730
0 0.19021 -52.5 739
0 0.25157 -52.5 749
0 0.17794 -52.5 759
0 0.25157 -52.5 768
0 0.30680 -52.5 777
0 0.24544 -52.5 787
0 0.20862 -52.5 796
0 0.28225 -52.5 805
0 0.21476 -52.5 814
0 0.22089 -52.5 823
0 0.25157 -52.5 832
0 0.25157 -52.5 843
0 0.17794 -52.5 851
0 0.23317 -52.5 861
0 0.22089 -52.5 871
0 0.26384 -52.5 882
0 0.30066 -52.5 891
0 0.24544 -52.5 900
0 0.23317 -52.5 909
0 0.23317 -52.5 918
0 0.20249 -52.5 927
0 0.22703 -52.5 936
0 0.26384 -52.5 945
0 0.18408 -52.5 955
0 0.23317 -52.5 966
0 0.22703 -52.5 975
0 0.25157 -52.5 984
0 0.17181 -52.5 993
0 0.26384 -52.5 1002
0 0.14113 -52.5 1012
0 0.23930 -52.5 1020
0 0.28839 -52.5 1030
0 0.18408 -52.5 1039
0 0.19635 -52.5 1050
0 0.22089 -52.5 1059
0 0.33134 -52.0 1069
0 0.27612 -52.5 1079
0 0.25157 -52.5 1088
0 0.18408 -52.5 1097
0 0.20249 -52.5 1107
0 0.28225 -52.5 1115
0 0.25157 -52.0 1124
0 0.20862 -52.5 1136
0 0.22703 -52.5 1145
0 0.23317 -52.5 1155
0 0.19021 -52.5 1165
0 0.24544 -52.5 1174
0 0.17181 -52.5 1183
0 0.21476 -52.5 1195
0 0.22703 -52.5 1204
0 0.14726 -52.5 1213
0 0.20862 -52.5 1224
0 0.22703 -52.5 1233
0 0.21476 -52.5 1242
0 0.19021 -52.5 1253
0 0.34361 -52.5 1261
0 0.30066 -52.5 1271
0 0.22703 -52.5 1280
0 0.14113 -52.5 1289
0 0.15340 -52.5 1299
0 0.21476 -52.5 1308
0 0.22703 -52.5 1317
0 0.24544 -52.5 1328
0 0.22703 -52.0 1337
0 0.25771 -52.5 1346
0 0.22703 -52.5 1355
0 0.44792 -52.5 1364
0 0.21476 -52.5 1374
0 0.22089 -52.5 1383
0 0.24544 -52.5 1394
0 0.22703 -52.5 1405
0 0.19021 -52.5 1414
0 0.17794 -52.5 1425
0 0.12885 -52.5 1437
0 0.21476 -52.5 1447
0 0.19021 -52.5 1456
0 0.22703 -52.5 1466
0 0.22089 -52.0 1475
0 0.25157 -52.5 1484
0 0.26384 -52.5 1494
0 0.22089 -52.5 1504
0 0.12885 -52.5 1514
0 0.19021 -52.5 1523
0 0.27612 -52.5 1532
0 0.23930 -52.5 1541
0 0.23317 -52.5 1551
0 0.22089 -52.5 1561
0 0.20249 -52.5 1571
0 0.20249 -52.0 1584
0 0.25157 -52.5 1592
0 0.22089 -52.5 1602
0 0.20862 -52.5 1611
0 0.27612 -52.0 1620
0 0.24544 -52.5 1629
0 0.22703 -52.5 1638
0 0.22703 -52.5 1649
0 0.21476 -52.5 1658
0 0.25157 -52.5 1667
0 0.26384 -52.0 1677
0 0.23317 -52.5 1688
0 0.22089 -52.5 1698
0 0.19635 -52.5 1709
0 0.23930 -52.5 1717
0 0.27612 -52.5 1727
0 0.23317 -52.5 1736
0 0.23317 -52.0 1746
0 0.23317 -52.5 1755
0 0.16567 -52.0 1766
0 0.22703 -52.5 1776
0 0.20862 -52.5 1786
0 0.22703 -52.5 1795
0 0.25157 -52.5 1804
0 0.22703 -52.5 1815
0 0.13499 -52.5 1824
0 0.19635 -52.5 1833
0 0.20862 -52.5 1845
0 0.15953 -52.5 1854
0 0.17794 -52.5 1866
0 0.34361 -52.5 1875
0 0.26384 -52.5 1897
0 0.24544 -52.5 1911
0 0.30066 -52.5 1921
0 0.26384 -52.5 1931
0 0.22703 -52.5 1940
0 0.24544 -52.0 1951
0 0.30066 -52.5 1960
0 0.30680 -52.5 1969
0 0.22089 -52.5 1978
0 0.25157 -52.5 1988
0 0.23930 -52.5 1999
0 0.25157 -52.5 2010
0 0.24544 -52.5 2019
0 0.17181 -52.5 2030
0 0.23317 -52.5 2039
0 0.23930 -52.5 2056
0 0.26384 -52.5 2066
0 0.23317 -52.5 2075
0 0.18408 -52.5 2085
0 0.25771 -52.5 2095
0 0.22089 -52.5 2107
0 0.25771 -52.5 2116
0 0.23317 -52.5 2127
0 0.26384 -52.5 2136
0 0.26384 -52.5 2145
0 0.34975 -52.5 2154
0 0.26384 -52.5 2164
0 0.28225 -52.5 2173
0 0.24544 -52.0 2182
0 0.21476 -52.5 2194
0 0.27612 -52.5 2203
0 0.22089 -52.5 2212
0 0.23317 -52.5 2224
0 0.30066 -52.5 2233
0 0.28839 -52.5 2242
0 0.23930 -52.5 2253
0 0.27612 -52.0 2262
0 0.28225 -52.5 2273
0 0.23317 -52.5 2281
0 0.25157 -52.5 2291
0 0.25771 -52.5 2300
0 0.23930 -52.5 2309
0 0.25771 -52.5 2320
0 0.23930 -52.5 2329
0 0.29452 -52.5 2338
0 0.19021 -52.5 2347
0 0.23317 -52.5 2359
0 0.25771 -52.5 2368
0 0.24544 -52.5 2378
0 0.25771 -52.5 2387
0 0.14113 -52.5 2397
0 0.36202 -52.5 2407
0 0.23930 -52.5 2421
0 0.19635 -52.5 2430
0 0.22703 -52.5 2439
0 0.25771 -52.5 2448
0 0.22703 -52.5 2457
0 0.29452 -52.5 2467
0 0.23317 -52.5 2476
0 0.23317 -52.5 2485
0 0.31907 -52.5 2495
0 0.16567 -52.5 2506
0 0.25771 -52.5 2517
0 0.28225 -52.5 2528
0 0.26384 -52.5 2539
0 0.24544 -52.5 2548
0 0.25157 -52.5 2557
0 0.22089 -52.5 2567
0 0.23317 -52.5 2576
0 0.31907 -52.5 2585
0 0.22703 -52.5 2595
0 0.23930 -52.5 2605
0 0.21476 -52.5 2614
0 0.19635 -52.0 2623
0 0.27612 -52.5 2634
0 0.26998 -52.0 2648
0 0.21476 -52.5 2657
0 0.29452 -52.5 2668
0 0.25157 -52.5 2678
0 0.22703 -52.5 2686
0 0.22703 -52.5 2697
0 0.24544 -52.5 2709
0 0.22089 -52.5 2719
0 0.21476 -52.5 2728
0 0.22703 -52.5 2739
0 0.22703 -52.5 2748
0 0.22089 -52.5 2757
0 0.31907 -52.5 2766
0 0.24544 -52.5 2777
0 0.28225 -52.5 2787
0 0.28839 -52.5 2798
0 0.24544 -52.5 2807
0 0.19635 -52.5 2818
0 0.23930 -52.5 2828
0 0.22703 -52.5 2837
0 0.35588 -52.5 2847
0 0.26998 -52.5 2857
0 0.31293 -52.5 2867
0 0.25771 -52.0 2877
0 0.23317 -52.5 2886
0 0.23317 -52.5 2895
0 0.28225 -52.5 2904
0 0.28839 -52.0 2913
0 0.35588 -52.0 2924
0 0.27612 -52.0 2934
0 0.25771 -52.0 2944
0 0.26998 -52.5 2953
0 0.27612 -52.0 2962
0 0.30066 -52.0 2972
0 0.29452 -52.5 2982
0 0.27612 -52.0 2992
0 0.28225 -52.0 3001
0 0.36202 -52.0 3010
0 0.31293 -52.5 3020
0 0.30066 -52.0 3030
0 0.32520 -52.0 3039
0 0.30680 -52.0 3048
0 0.30680 -52.0 3060
0 0.29452 -52.0 3069
0 0.30066 -52.0 3078
0 0.31293 -52.0 3089
0 0.30680 -52.0 3098
0 0.30680 -52.0 3107
0 0.25771 -52.0 3116
0 0.31293 -52.0 3126
0 0.35588 -52.0 3137
0 0.30680 -52.0 3146
0 0.30066 -52.0 3155
0 0.29452 -52.0 3165
0 0.30680 -52.0 3174
0 0.30680 -52.0 3184
0 0.41724 -52.0 3193
0 0.31293 -52.0 3204
0 0.29452 -52.0 3216
0 0.37429 -52.0 3226
0 0.25771 -52.0 3237
0 0.31907 -52.0 3249
0 0.37429 -52.0 3258
0 0.33134 -51.5 3267
0 0.33134 -51.5 3277
0 0.34361 -51.5 3286
0 0.25771 -51.5 3297
0 0.31293 -51.5 3307
0 0.27612 -51.5 3317
0 0.31907 -51.5 3328
0 0.31907 -51.5 3343
0 0.38043 -51.5 3353
0 0.34975 -51.5 3362
0 0.33134 -51.5 3373
0 0.35588 -51.5 3383
0 0.31907 -51.5 3392
0 0.35588 -51.5 3401
0 0.38043 -51.5 3411
0 0.39270 -51.5 3421
0 0.36202 -51.5 3431
0 0.32520 -51.5 3442
0 0.36816 -51.5 3451
0 0.29452 -51.5 3460
0 0.39270 -51.5 3469
0 0.40497 -51.5 3478
0 0.35588 -51.5 3487
0 0.40497 -51.5 3498
0 0.44792 -51.5 3507
0 0.32520 -51.5 3517
0 0.36816 -51.5 3526
0 0.35588 -51.5 3535
0 0.39270 -51.5 3544
0 0.34975 -52.0 3553
0 0.34361 -51.5 3564
0 0.37429 -51.5 3573
0 0.28225 -51.5 3584
0 0.35588 -51.5 3593
0 0.38043 -51.5 3602
0 0.32520 -51.5 3622
0 0.32520 -51.5 3632
0 0.31907 -51.5 3644
0 0.34975 -51.5 3655
0 0.33748 -51.5 3664
0 0.36202 -51.5 3675
0 0.33134 -51.5 3690
0 0.33748 -51.5 3699
0 0.36816 -51.0 3711
0 0.38656 -51.5 3720
0 0.34361 -51.5 3729
0 0.32520 -51.0 3738
0 0.30066 -51.5 3747
0 0.31907 -51.5 3756
0 0.34361 -51.5 3765
0 0.26998 -51.5 3776
0 0.31907 -51.5 3792
0 0.26384 -51.5 3802
0 0.34975 -51.5 3816
0 0.24544 -51.5 3825
0 0.26998 -51.0 3834
0 0.26384 -51.0 3843
0 0.29452 -51.5 3852
0 0.28225 -51.5 3862
0 0.30680 -51.5 3872
0 0.30680 -51.5 3882
0 0.31293 -51.0 3893
0 0.29452 -51.5 3902
0 0.33748 -51.5 3912
0 0.20249 -51.5 3923
0 0.30680 -51.5 3932
0 0.30680 -51.5 3941
0 0.27612 -51.5 3950
0 0.25771 -51.5 3960
0 0.30066 -51.5 3968
0 0.28839 -51.5 3978
0 0.30066 -51.5 3987
0 0.30066 -51.5 3996
0 0.30680 -51.5 4005
0 0.28839 -51.5 4016
0 0.30680 -51.5 4025
0 0.30066 -51.5 4036
0 0.28839 -51.5 4049
0 0.26384 -51.5 4058
0 0.30066 -51.5 4069
0 0.28839 -51.5 4079
0 0.28225 -51.5 4088
0 0.30066 -51.5 4097
0 0.30680 -51.5 4106
0 0.29452 -51.5 4115
0 0.29452 -51.5 4124
0 0.25771 -51.5 4134
0 0.31293 -51.5 4144
0 0.28225 -51.5 4157
0 0.28839 -51.5 4167
0 0.32520 -51.5 4178
0 0.27612 -51.5 4189
0 0.26384 -51.5 4198
0 0.28839 -51.5 4208
0 0.31907 -51.5 4218
0 0.27612 -51.5 4227
0 0.30680 -51.5 4236
0 0.31907 -51.5 4245
0 0.29452 -51.5 4254
0 0.29452 -51.5 4265
0 0.28839 -51.5 4274
0 0.31293 -51.5 4284
0 0.32520 -51.5 4295
0 0.26998 -51.5 4307
0 0.26998 -51.5 4316
0 0.33134 -51.5 4325
0 0.24544 -51.5 4334
0 0.30066 -51.5 4346
0 0.30066 -51.5 4355
0 0.30066 -51.5 4367
0 0.26384 -51.5 4377
0 0.35588 -51.5 4387
0 0.28225 -51.5 4396
0 0.30680 -51.5 4405
0 0.34361 -51.5 4414
0 0.29452 -51.5 4424
0 0.27612 -51.5 4433
0 0.28225 -51.5 4442
0 0.26998 -51.5 4452
0 0.28839 -51.5 4461
0 0.22703 -51.5 4470
0 0.30066 -51.5 4482
0 0.28839 -51.5 4491
0 0.30066 -51.5 4500
0 0.36202 -51.5 4509
0 0.30066 -51.5 4518
0 0.32520 -51.5 4529
0 0.28225 -51.5 4538
0 0.34975 -51.5 4549
0 0.27612 -51.5 4559
0 0.30680 -51.5 4568
0 0.26384 -51.5 4577
0 0.26384 -51.5 4586
0 0.30066 -51.5 4595
0 0.28225 -51.5 4607
0 0.29452 -51.5 4616
0 0.30066 -51.5 4625
0 0.31293 -51.5 4636
0 0.29452 -51.5 4647
0 0.32520 -51.5 4658
0 0.22703 -51.5 4667
0 0.25771 -51.5 4678
0 0.33748 -51.5 4689
0 0.35588 -51.5 4698
0 0.29452 -51.5 4713
0 0.30066 -51.5 4723
0 0.34361 -51.5 4732
0 0.31293 -51.5 4741
0 0.28839 -51.5 4750
0 0.32520 -51.5 4759
0 0.30066 -51.5 4770
0 0.33748 -51.5 4779
0 0.27612 -51.5 4789
0 0.31907 -51.5 4798
0 0.28839 -51.5 4808
0 0.31907 -51.5 4819
0 0.28225 -51.5 4828
0 0.29452 -51.5 4839
0 0.34975 -51.5 4849
0 0.30066 -51.5 4859
0 0.31293 -51.5 4869
0 0.26384 -51.5 4878
0 0.31293 -51.5 4887
0 0.26384 -51.5 4896
0 0.32520 -51.5 4906
0 0.25157 -51.5 4915
0 0.33748 -51.5 4927
0 0.28839 -51.5 4936
0 0.28839 -51.5 4946
0 0.32520 -51.5 4957
0 0.26998 -51.5 4966
0 0.26998 -51.5 4981
0 0.26384 -51.5 4992
