0 4.08652 -47.5 0
0 4.03744 -47.5 9
0 4.06198 -47.5 19
0 4.09266 -47.5 28
0 4.07425 -47.5 38
0 4.12334 -47.5 47
0 4.11107 -48.0 56
0 4.08039 -47.5 65
0 4.09880 -47.5 74
0 4.10493 -47.5 84
0 4.09880 -47.5 94
0 4.09880 -47.5 104
0 4.06198 -47.5 113
0 4.06812 -47.5 123
0 4.08039 -47.5 133
0 4.09266 -47.5 143
0 4.10493 -47.5 154
0 4.09880 -47.5 164
0 4.11107 -47.5 173
0 4.08039 -47.5 183
0 4.08039 -47.5 193
0 4.08652 -47.5 201
0 4.06812 -47.5 210
0 4.08039 -47.5 220
0 4.06198 -47.5 229
0 4.08039 -47.5 238
0 4.11720 -47.5 247
0 4.11107 -47.5 257
0 4.09880 -47.5 265
0 4.08652 -47.5 276
0 4.12948 -47.5 285
0 4.11720 -48.0 295
0 4.12334 -47.5 304
0 4.11107 -47.5 313
0 4.11107 -47.5 323
0 4.09880 -48.0 332
0 4.10493 -47.5 341
0 4.11107 -47.5 351
0 4.08039 -48.0 360
0 4.11107 -47.5 369
0 4.08039 -48.0 378
0 4.09266 -48.0 387
0 4.10493 -47.5 396
0 4.08652 -47.5 406
0 4.06198 -47.5 415
0 4.09266 -47.5 424
0 4.10493 -48.0 433
0 4.10493 -47.5 442
0 4.08652 -47.5 451
0 4.10493 -47.5 460
0 4.11107 -47.5 469
0 4.08039 -47.5 478
0 4.10493 -48.0 487
0 4.09880 -47.5 497
0 4.09880 -47.5 506
0 4.10493 -47.5 515
0 4.09880 -47.5 524
0 4.09266 -47.5 533
0 4.10493 -47.5 542
0 4.08652 -47.5 552
0 4.06812 -48.0 561
0 4.10493 -47.5 574
0 4.11720 -47.5 583
0 4.08652 -47.5 592
0 4.08652 -48.0 601
0 4.08652 -47.5 612
0 4.08039 -47.5 622
0 4.10493 -48.0 631
0 4.11107 -48.0 641
0 4.11720 -47.5 650
0 4.13561 -48.0 660
0 4.11720 -47.5 669
0 4.09880 -48.0 679
0 4.12334 -47.5 688
0 4.09880 -48.0 697
0 4.09880 -48.0 706
0 4.09880 -47.5 717
0 4.07425 -48.0 726
0 4.09880 -48.0 735
0 4.11720 -48.0 744
0 4.06812 -47.5 753
0 4.12948 -47.5 764
0 4.11107 -47.5 773
0 4.11107 -47.5 782
0 4.13561 -47.5 791
0 4.13561 -47.5 801
0 4.08652 -47.5 810
0 4.13561 -47.5 819
0 4.10493 -47.5 830
0 4.12334 -47.5 838
0 4.08039 -48.0 848
0 4.09880 -48.0 857
0 4.09880 -48.0 866
0 4.11720 -48.0 876
0 4.11720 -48.0 885
0 4.06812 -47.5 894
0 4.09266 -48.0 904
0 4.14788 -48.0 914
0 4.12948 -47.5 923
0 4.08652 -48.0 932
0 4.09266 -47.5 944
0 4.10493 -47.5 954
0 4.11720 -47.5 963
0 4.09266 -48.0 973
0 4.11107 -48.0 982
0 4.09880 -47.5 991
0 4.14175 -48.0 1002
0 4.11107 -47.5 1011
0 4.12948 -48.0 1020
0 4.11107 -48.0 1029
0 4.09266 -48.0 1039
0 4.11107 -47.5 1048
0 4.11107 -47.5 1057
0 4.11107 -48.0 1066
0 4.11107 -48.0 1075
0 4.12334 -47.5 1084
0 4.09880 -48.0 1094
0 4.09880 -48.0 1103
0 4.09266 -48.0 1112
0 4.08039 -47.5 1122
0 4.12948 -47.5 1131
0 4.11107 -48.0 1140
0 4.09880 -47.5 1149
0 4.11107 -47.5 1158
0 4.07425 -48.0 1167
0 4.10493 -47.5 1176
0 4.09266 -48.0 1186
0 4.06198 -48.0 1195
0 4.11720 -48.0 1204
0 4.09266 -48.0 1214
0 4.07425 -48.0 1224
0 4.12334 -47.5 1233
0 4.09266 -47.5 1242
0 4.10493 -48.0 1251
0 4.09880 -47.5 1260
0 4.06812 -47.5 1269
0 4.11107 -48.0 1278
0 4.09880 -48.0 1288
0 4.08652 -48.0 1297
0 4.11720 -48.0 1306
0 4.12334 -47.5 1317
0 4.08652 -48.0 1326
0 4.07425 -48.0 1335
0 4.09880 -47.5 1344
0 4.07425 -48.0 1354
0 4.08039 -47.5 1363
0 4.09266 -48.0 1373
0 4.09880 -47.5 1382
0 4.08652 -48.0 1391
0 4.11107 -47.5 1402
0 4.11107 -48.0 1411
0 4.11107 -47.5 1421
0 4.08652 -47.5 1430
0 4.09266 -47.5 1439
0 4.09266 -48.0 1449
0 4.08652 -48.0 1458
0 4.08039 -48.0 1467
0 4.09880 -47.5 1476
0 4.12334 -48.0 1485
0 4.08652 -47.5 1495
0 4.12948 -48.0 1504
0 4.07425 -48.0 1514
0 4.12948 -48.0 1523
0 4.08652 -47.5 1532
0 4.10493 -48.0 1541
0 4.09266 -48.0 1551
0 4.08652 -48.0 1559
0 4.09880 -48.0 1569
0 4.11107 -48.0 1578
0 4.11107 -48.0 1587
0 4.08039 -48.0 1596
0 4.06812 -48.0 1607
0 4.06198 -47.5 1616
0 4.08652 -47.5 1625
0 4.11107 -48.0 1634
0 4.09266 -47.5 1643
0 4.14175 -47.5 1653
0 4.11107 -48.0 1662
0 4.09880 -48.0 1671
0 4.06198 -47.5 1680
0 4.12334 -47.5 1689
0 4.12948 -48.0 1700
0 4.08652 -47.5 1709
0 4.11720 -47.5 1718
0 4.16016 -47.5 1727
0 4.14175 -47.5 1736
0 4.09880 -47.5 1745
0 4.09266 -47.5 1754
0 4.09880 -47.5 1763
0 4.09880 -47.5 1772
0 4.15402 -47.5 1781
0 4.11720 -47.5 1791
0 4.16629 -47.5 1800
0 4.10493 -47.5 1809
0 4.14175 -47.5 1818
0 4.14788 -47.5 1829
0 4.15402 -47.5 1838
0 4.11107 -47.5 1847
0 4.14175 -47.5 1856
0 4.14175 -47.5 1865
0 4.13561 -47.5 1875
0 4.14175 -47.5 1884
0 4.15402 -47.5 1903
0 4.14788 -47.5 1912
0 4.17243 -47.5 1921
0 4.13561 -47.5 1930
0 4.19084 -47.5 1940
0 4.14788 -47.5 1949
0 4.15402 -47.5 1958
0 4.16016 -47.5 1967
0 4.12334 -47.5 1976
0 4.17243 -48.0 1985
0 4.19084 -47.5 1994
0 4.17243 -47.5 2003
0 4.19084 -47.5 2013
0 4.12948 -47.5 2022
0 4.19084 -47.5 2031
0 4.17856 -47.5 2040
0 4.16016 -48.0 2049
0 4.16016 -48.0 2058
0 4.16016 -47.5 2067
0 4.15402 -48.0 2076
0 4.15402 -48.0 2085
0 4.18470 -48.0 2095
0 4.16629 -48.0 2104
0 4.16629 -48.0 2113
0 4.17243 -47.5 2122
0 4.15402 -47.5 2131
0 4.17243 -48.0 2140
0 4.16629 -47.5 2150
0 4.20311 -47.5 2158
0 4.16629 -48.0 2168
0 4.16016 -47.5 2177
0 4.16629 -47.5 2186
0 4.19697 -47.5 2195
0 4.15402 -48.0 2205
0 4.18470 -47.5 2214
0 4.25219 -48.0 2224
0 4.20924 -47.5 2233
0 4.16016 -48.0 2242
0 4.14788 -47.5 2251
0 4.24606 -48.0 2260
0 4.18470 -47.5 2269
0 4.24606 -48.0 2278
0 4.17856 -47.5 2288
0 4.19697 -47.5 2297
0 4.20311 -47.5 2306
0 4.24606 -47.5 2315
0 4.21538 -47.5 2324
0 4.20924 -47.5 2334
0 4.18470 -47.5 2343
0 4.22152 -47.5 2352
0 4.20924 -47.5 2360
0 4.21538 -47.5 2370
0 4.18470 -47.5 2379
0 4.25833 -47.5 2388
0 4.24606 -47.5 2398
0 4.20311 -47.5 2407
0 4.22152 -47.5 2416
0 4.22152 -47.5 2425
0 4.25219 -47.5 2434
0 4.22152 -47.5 2444
0 4.28287 -47.5 2453
0 4.22765 -47.5 2462
0 4.25219 -47.5 2471
0 4.21538 -47.5 2480
0 4.27060 -47.5 2490
0 4.23992 -47.5 2499
0 4.27674 -47.5 2508
0 4.29515 -47.5 2517
0 4.24606 -47.5 2526
0 4.24606 -47.5 2535
0 4.28287 -47.5 2545
0 4.26447 -47.5 2554
0 4.29515 -48.0 2563
0 4.22152 -47.5 2574
0 4.28901 -47.5 2583
0 4.27674 -47.5 2592
0 4.23992 -47.5 2601
0 4.26447 -47.5 2610
0 4.27674 -47.5 2619
0 4.22152 -47.5 2628
0 4.25219 -47.5 2638
0 4.21538 -47.5 2647
0 4.23379 -47.5 2657
0 4.23379 -48.0 2667
0 4.22765 -47.5 2676
0 4.29515 -47.5 2685
0 4.23992 -47.5 2694
0 4.25833 -47.5 2703
0 4.23992 -47.5 2712
0 4.23379 -47.5 2721
0 4.24606 -47.5 2731
0 4.25833 -47.5 2740
0 4.24606 -47.5 2749
0 4.26447 -47.5 2758
0 4.23992 -47.5 2769
0 4.25833 -47.5 2778
0 4.23992 -48.0 2787
0 4.23992 -48.0 2797
0 4.19697 -47.5 2806
0 4.20311 -48.0 2815
0 4.25219 -48.0 2824
0 4.24606 -47.5 2835
0 4.25219 -48.0 2844
0 4.22765 -48.0 2853
0 4.20924 -48.0 2862
0 4.25833 -48.0 2872
0 4.20311 -48.0 2881
0 4.20311 -48.0 2890
0 4.18470 -48.0 2899
0 4.18470 -48.0 2908
0 4.18470 -48.0 2917
0 4.21538 -48.0 2926
0 4.21538 -48.0 2935
0 4.22152 -48.0 2944
0 4.17243 -48.0 2953
0 4.18470 -47.5 2964
0 4.22152 -48.0 2973
0 4.21538 -48.0 2983
0 4.17243 -48.0 2994
0 4.21538 -48.0 3003
0 4.19084 -48.0 3012
0 4.18470 -48.0 3021
0 4.20311 -48.0 3030
0 4.20924 -48.0 3040
0 4.17856 -48.0 3049
0 4.20924 -48.0 3058
0 4.22152 -48.0 3067
0 4.17856 -48.0 3076
0 4.16629 -48.0 3087
0 4.17243 -48.0 3097
0 4.19084 -48.0 3107
0 4.19084 -48.0 3116
0 4.19084 -48.0 3125
0 4.20924 -48.0 3134
0 4.20924 -48.0 3144
0 4.19697 -48.0 3154
0 4.18470 -48.0 3163
0 4.22152 -48.0 3172
0 4.20311 -48.0 3182
0 4.20924 -48.0 3191
0 4.20311 -48.0 3200
0 4.22152 -48.0 3210
0 4.19697 -48.0 3219
0 4.18470 -48.0 3229
0 4.20311 -48.0 3238
0 4.18470 -48.0 3247
0 4.19084 -48.0 3256
0 4.21538 -48.0 3265
0 4.19697 -48.0 3274
0 4.17856 -48.0 3284
0 4.19084 -48.0 3293
0 4.15402 -48.0 3302
0 4.19697 -48.0 3311
0 4.18470 -48.0 3320
0 4.18470 -48.0 3329
0 4.19084 -48.0 3338
0 4.18470 -48.0 3347
0 4.17856 -48.0 3357
0 4.17856 -48.0 3366
0 4.19084 -48.0 3375
0 4.18470 -48.0 3384
0 4.20311 -48.0 3394
0 4.19697 -48.0 3405
0 4.17243 -48.0 3414
0 4.17856 -48.0 3424
0 4.18470 -48.0 3433
0 4.15402 -48.0 3442
0 4.17243 -48.0 3451
0 4.15402 -48.0 3460
0 4.14788 -48.0 3469
0 4.20311 -48.0 3478
0 4.15402 -48.0 3488
0 4.19084 -48.0 3498
0 4.17243 -48.0 3507
0 4.16016 -48.0 3516
0 4.16629 -48.0 3525
0 4.20924 -48.0 3537
0 4.17243 -48.0 3546
0 4.15402 -48.0 3555
0 4.22152 -48.0 3565
0 4.14175 -47.5 3573
0 4.13561 -47.5 3583
0 4.13561 -48.0 3592
0 4.14175 -47.5 3601
0 4.18470 -47.5 3610
0 4.15402 -47.5 3619
0 4.13561 -47.5 3630
0 4.12334 -48.0 3639
0 4.17856 -47.5 3650
0 4.14175 -48.0 3659
0 4.15402 -48.0 3668
0 4.10493 -48.0 3678
0 4.18470 -47.5 3687
0 4.11720 -47.5 3698
0 4.19084 -47.5 3708
0 4.12948 -48.0 3718
0 4.12334 -47.5 3727
0 4.13561 -47.5 3736
0 4.11720 -47.5 3745
0 4.14788 -47.5 3754
0 4.14175 -47.5 3763
0 4.13561 -47.5 3773
0 4.18470 -48.0 3782
0 4.19084 -47.5 3805
0 4.13561 -47.5 3816
0 4.13561 -47.5 3825
0 4.17856 -47.5 3834
0 4.16016 -48.0 3843
0 4.14175 -47.5 3852
0 4.14788 -48.0 3863
0 4.14788 -48.0 3874
0 4.11107 -48.0 3886
0 4.13561 -47.5 3895
0 4.14788 -47.5 3905
0 4.12948 -47.5 3915
0 4.14788 -48.0 3931
0 4.10493 -47.5 3940
0 4.13561 -47.5 3949
0 4.11107 -48.0 3960
0 4.11720 -48.0 3971
0 4.14175 -47.5 3980
0 4.14788 -47.5 3989
0 4.12334 -48.0 3999
0 4.14175 -48.0 4008
0 4.12948 -48.0 4018
0 4.13561 -48.0 4027
0 4.11720 -48.0 4036
0 4.13561 -48.0 4045
0 4.11107 -48.0 4054
0 4.12948 -47.5 4067
0 4.11107 -48.0 4076
0 4.09880 -48.0 4085
0 4.09880 -48.0 4094
0 4.09266 -48.0 4104
0 4.11107 -47.5 4117
0 4.10493 -48.0 4126
0 4.13561 -48.0 4135
0 4.14788 -48.0 4145
0 4.13561 -47.5 4155
0 4.08039 -47.5 4164
0 4.10493 -47.5 4173
0 4.13561 -47.5 4182
0 4.09266 -48.0 4192
0 4.10493 -48.0 4202
0 4.14175 -47.5 4215
0 4.08652 -47.5 4224
0 4.11720 -47.5 4236
0 4.13561 -48.0 4247
0 4.17856 -48.0 4257
0 4.09880 -47.5 4269
0 4.12948 -47.5 4279
0 4.13561 -48.0 4288
0 4.09266 -47.5 4297
0 4.12334 -48.0 4308
0 4.12334 -48.0 4317
0 4.11720 -47.5 4328
0 4.12948 -47.5 4338
0 4.12334 -48.0 4347
0 4.12334 -47.5 4359
0 4.16629 -47.5 4368
0 4.09880 -48.0 4378
0 4.16629 -47.5 4391
0 4.09880 -47.5 4402
0 4.11720 -47.5 4411
0 4.12948 -48.0 4423
0 4.13561 -47.5 4432
0 4.11720 -47.5 4443
0 4.14788 -47.5 4453
0 4.11107 -47.5 4463
0 4.11107 -47.5 4473
0 4.15402 -48.0 4482
0 4.15402 -47.5 4495
0 4.11720 -47.5 4508
0 4.12334 -47.5 4517
0 4.12948 -47.5 4530
0 4.14788 -47.5 4539
0 4.12948 -48.0 4548
0 4.14175 -47.5 4559
0 4.12334 -48.0 4568
0 4.11107 -48.0 4577
0 4.11107 -47.5 4586
0 4.12948 -47.5 4595
0 4.10493 -48.0 4604
0 4.12334 -47.5 4615
0 4.14175 -47.5 4624
0 4.12948 -47.5 4633
0 4.16629 -47.5 4642
0 4.09266 -48.0 4652
0 4.15402 -47.5 4662
0 4.09266 -47.5 4671
0 4.12948 -48.0 4682
0 4.09880 -47.5 4692
0 4.14175 -47.5 4703
0 4.17243 -47.5 4712
0 4.12334 -47.5 4721
0 4.13561 -47.5 4730
0 4.10493 -47.5 4739
0 4.14175 -48.0 4749
0 4.11720 -47.5 4759
0 4.14175 -47.5 4768
0 4.17243 -47.5 4777
0 4.13561 -47.5 4786
0 4.14175 -47.5 4798
0 4.14175 -47.5 4808
0 4.08652 -47.5 4817
0 4.14175 -47.5 4827
0 4.12334 -48.0 4837
0 4.14788 -47.5 4847
0 4.16016 -47.5 4857
0 4.14788 -48.0 4866
0 4.13561 -47.5 4881
0 4.14788 -47.5 4891
0 4.13561 -47.5 4900
0 4.14788 -47.5 4909
0 4.13561 -47.5 4918
0 4.14175 -47.5 4927
0 4.15402 -47.5 4936
0 4.11720 -47.5 4946
0 4.11720 -47.5 4958
0 4.14788 -47.5 4968
0 4.13561 -47.5 4977
0 4.14788 -47.5 4988
0 4.12948 -47.5 4998
0 4.12948 -47.5 5007
0 4.16016 -47.5 5016
0 4.11720 -47.5 5026
0 4.12948 -48.0 5034
0 4.11720 -47.5 5046
0 4.11720 -47.5 5056
0 4.10493 -47.5 5065
0 4.11720 -47.5 5074
0 4.13561 -47.5 5083
0 4.12334 -47.5 5092
0 4.08652 -47.5 5101
0 4.12334 -47.5 5112
0 4.14788 -47.5 5121
0 4.12948 -47.5 5131
0 4.13561 -47.5 5143
0 4.14788 -47.5 5152
0 4.12334 -47.5 5161
0 4.14788 -47.5 5171
0 4.12948 -47.5 5181
0 4.13561 -47.5 5191
0 4.16016 -47.5 5202
0 4.13561 -47.5 5213
0 4.16629 -47.5 5224
0 4.13561 -47.5 5234
0 4.14175 -47.5 5244
0 4.09266 -47.5 5253
0 4.16629 -47.5 5264
0 4.10493 -47.5 5273
0 4.16629 -47.5 5284
0 4.12334 -47.5 5293
0 4.12948 -47.5 5303
0 4.11720 -48.0 5312
0 4.11720 -47.5 5321
0 4.14788 -47.5 5330
0 4.13561 -47.5 5339
0 4.14788 -48.0 5349
0 4.14788 -48.0 5357
0 4.11720 -48.0 5367
0 4.12334 -47.5 5378
0 4.14175 -47.5 5389
0 4.13561 -47.5 5398
0 4.16629 -47.5 5409
0 4.14788 -47.5 5418
0 4.19697 -47.5 5427
0 4.12948 -47.5 5436
0 4.10493 -47.5 5447
0 4.09266 -48.0 5456
0 4.14788 -47.5 5465
0 4.14175 -47.5 5476
0 4.15402 -48.0 5484
0 4.12948 -47.5 5494
0 4.09266 -47.5 5503
0 4.14788 -47.5 5512
0 4.14788 -47.5 5526
0 4.22765 -47.5 5535
0 4.14175 -47.5 5544
0 4.14175 -47.5 5553
0 4.13561 -47.5 5562
0 4.11107 -47.5 5571
0 4.14175 -47.5 5581
0 4.14788 -47.5 5590
0 4.14788 -47.5 5600
0 4.15402 -47.5 5610
0 4.13561 -47.5 5620
0 4.14788 -48.0 5630
0 4.14788 -48.0 5639
0 4.15402 -47.5 5652
0 4.12948 -47.5 5661
0 4.12948 -47.5 5672
0 4.17243 -47.5 5703
0 4.11720 -47.5 5712
0 4.11720 -47.5 5721
0 4.14175 -47.5 5730
0 4.13561 -47.5 5739
0 4.13561 -47.5 5748
0 4.13561 -47.5 5759
0 4.15402 -47.5 5768
0 4.11720 -47.5 5777
0 4.12948 -47.5 5786
0 4.15402 -47.5 5798
0 4.16629 -47.5 5807
0 4.17243 -48.0 5816
0 4.13561 -47.5 5826
0 4.11107 -47.5 5835
0 4.15402 -47.5 5845
0 4.16629 -47.5 5854
0 4.17243 -47.5 5866
0 4.14175 -47.5 5875
0 4.17856 -47.5 5884
0 4.14788 -47.5 5894
0 4.13561 -47.5 5907
0 4.13561 -47.5 5916
0 4.19084 -47.5 5925
0 4.16629 -47.5 5934
0 4.14788 -47.5 5946
0 4.15402 -47.5 5955
0 4.08652 -47.5 5964
0 4.12948 -48.0 5973
0 4.17243 -47.5 5982
0 4.17856 -47.5 5991
0 4.16016 -47.5 6000
0 4.15402 -47.5 6010
0 4.17243 -47.5 6019
0 4.12334 -47.5 6028
0 4.17243 -47.5 6040
0 4.12334 -47.5 6050
0 4.14788 -47.5 6059
0 4.17856 -47.5 6070
0 4.12334 -47.5 6079
0 4.17856 -47.5 6088
0 4.09266 -47.5 6098
0 4.14175 -47.5 6107
0 4.11107 -47.5 6118
0 4.15402 -48.0 6127
0 4.17243 -47.5 6140
0 4.12334 -47.5 6151
0 4.15402 -47.5 6160
0 4.17856 -47.5 6171
0 4.16016 -47.5 6180
0 4.11107 -47.5 6189
0 4.14175 -47.5 6199
0 4.19084 -47.5 6209
0 4.17856 -47.5 6218
0 4.18470 -47.5 6227
0 4.14788 -47.5 6237
0 4.14788 -47.5 6250
0 4.19697 -47.5 6259
0 4.14788 -47.5 6268
0 4.11720 -47.5 6277
0 4.09266 -47.5 6290
0 4.17243 -47.5 6299
0 4.11107 -47.5 6310
0 4.14175 -47.5 6319
0 4.11107 -47.5 6329
0 4.16629 -47.5 6337
0 4.16016 -47.5 6351
0 4.16629 -47.5 6360
0 4.12334 -47.5 6371
0 4.16629 -47.5 6380
0 4.12948 -47.5 6389
0 4.14175 -47.5 6398
0 4.16016 -47.5 6408
0 4.12948 -47.5 6417
0 4.13561 -47.5 6427
0 4.15402 -47.5 6439
0 4.09880 -47.5 6448
0 4.13561 -47.5 6458
0 4.16629 -47.5 6468
0 4.16629 -47.5 6477
0 4.13561 -47.5 6486
0 4.17243 -47.5 6497
0 4.15402 -47.5 6507
0 4.15402 -47.5 6516
0 4.17856 -47.5 6525
0 4.16629 -47.5 6534
0 4.15402 -47.5 6543
0 4.14175 -47.5 6554
0 4.16016 -47.5 6564
0 4.14175 -47.5 6573
0 4.12948 -47.5 6583
0 4.14788 -47.5 6591
0 4.14175 -47.5 6601
0 4.14788 -47.5 6610
0 4.14788 -47.5 6619
0 4.18470 -47.5 6628
0 4.16629 -47.5 6640
0 4.17856 -47.5 6649
0 4.16016 -47.5 6659
0 4.16016 -47.5 6671
0 4.18470 -47.5 6680
0 4.12948 -47.5 6689
0 4.13561 -47.5 6698
0 4.12948 -47.5 6707
0 4.16016 -47.5 6719
0 4.20924 -48.0 6728
0 4.17243 -47.5 6738
0 4.16629 -47.5 6749
0 4.17856 -47.5 6758
0 4.15402 -47.5 6767
0 4.12948 -47.5 6776
0 4.16016 -47.5 6786
0 4.15402 -47.5 6795
0 4.18470 -47.5 6806
0 4.18470 -47.5 6815
0 4.11720 -47.5 6827
0 4.15402 -47.5 6837
0 4.14175 -47.5 6846
0 4.16629 -47.5 6855
0 4.13561 -47.5 6864
0 4.17243 -47.5 6874
0 4.15402 -47.5 6884
0 4.12334 -47.5 6893
0 4.14788 -47.5 6904
0 4.17243 -48.0 6913
0 4.16016 -47.5 6922
0 4.19697 -47.5 6934
0 4.15402 -47.5 6943
0 4.14788 -47.5 6952
0 4.17856 -47.5 6964
0 4.13561 -47.5 6973
0 4.16629 -47.5 6984
0 4.16629 -47.5 6993
0 4.16016 -47.5 7003
0 4.17243 -47.5 7011
0 4.11720 -47.5 7021
0 4.16629 -47.5 7030
0 4.14788 -47.5 7039
0 4.15402 -47.5 7048
0 4.14175 -47.5 7058
0 4.12948 -47.5 7067
0 4.15402 -47.5 7076
0 4.18470 -47.5 7085
0 4.16629 -47.5 7094
0 4.16016 -47.5 7108
0 4.17243 -47.5 7117
0 4.16629 -47.5 7127
0 4.18470 -47.5 7136
0 4.16629 -47.5 7152
0 4.16016 -47.5 7165
0 4.17243 -47.5 7174
0 4.18470 -47.5 7185
0 4.16629 -47.5 7196
0 4.17856 -47.5 7205
0 4.13561 -47.5 7213
0 4.18470 -47.5 7223
0 4.14788 -47.5 7234
0 4.13561 -47.5 7244
0 4.15402 -47.5 7254
0 4.14788 -47.5 7263
0 4.15402 -47.5 7272
0 4.16629 -47.5 7282
0 4.16629 -47.5 7291
0 4.16629 -47.5 7300
0 4.15402 -47.5 7309
0 4.17856 -47.5 7320
0 4.12948 -47.5 7329
0 4.17243 -47.5 7341
0 4.17856 -47.5 7352
0 4.19697 -47.5 7362
0 4.17856 -47.5 7372
0 4.13561 -47.5 7381
0 4.16629 -47.5 7390
0 4.14175 -47.5 7401
0 4.18470 -47.5 7413
0 4.17243 -47.5 7422
0 4.17856 -47.5 7431
0 4.19084 -47.5 7440
0 4.17243 -47.5 7451
0 4.19697 -47.5 7460
0 4.14175 -47.5 7469
0 4.16629 -47.5 7478
0 4.17243 -48.0 7487
0 4.17856 -47.5 7498
0 4.15402 -47.5 7507
0 4.17243 -47.5 7516
0 4.20924 -47.5 7525
0 4.19697 -47.5 7535
0 4.17856 -47.5 7545
0 4.16629 -47.5 7554
0 4.12948 -47.5 7563
0 4.17856 -47.5 7572
0 4.19697 -47.5 7581
0 4.16016 -47.5 7608
0 4.19084 -47.5 7617
0 4.20924 -47.5 7626
0 4.23379 -48.0 7635
0 4.15402 -47.5 7645
0 4.18470 -47.5 7654
0 4.15402 -47.5 7663
0 4.18470 -47.5 7675
0 4.17243 -47.5 7684
0 4.19084 -47.5 7693
0 4.14788 -47.5 7704
0 4.16629 -47.5 7714
0 4.19084 -47.5 7723
0 4.17243 -47.5 7732
0 4.19697 -47.5 7742
0 4.15402 -47.5 7751
0 4.18470 -47.5 7761
0 4.16629 -47.5 7770
0 4.16629 -47.5 7781
0 4.16629 -47.5 7791
0 4.16016 -47.5 7799
0 4.15402 -47.5 7810
0 4.16629 -47.5 7819
0 4.15402 -47.5 7831
0 4.17856 -47.5 7843
0 4.18470 -47.5 7853
0 4.21538 -48.0 7862
0 4.14175 -47.5 7872
0 4.18470 -47.5 7881
0 4.17856 -48.0 7890
0 4.16629 -47.5 7905
0 4.17856 -48.0 7916
0 4.17856 -47.5 7925
0 4.20311 -47.5 7934
0 4.16629 -47.5 7945
0 4.16016 -47.5 7955
0 4.22152 -47.5 7966
0 4.17856 -47.5 7975
0 4.16629 -47.5 7984
0 4.17243 -47.5 7993
0 4.16016 -47.5 8004
0 4.16629 -47.5 8013
0 4.17856 -47.5 8022
0 4.15402 -48.0 8033
0 4.14788 -47.5 8042
0 4.16016 -47.5 8052
0 4.17243 -47.5 8062
0 4.15402 -47.5 8071
0 4.14175 -47.5 8081
0 4.17856 -47.5 8095
0 4.22152 -48.0 8104
0 4.18470 -47.5 8114
0 4.17856 -47.5 8123
0 4.16629 -47.5 8132
0 4.16629 -47.5 8142
0 4.18470 -47.5 8153
0 4.16629 -47.5 8162
0 4.17856 -47.0 8179
0 4.15402 -47.5 8189
0 4.19084 -47.5 8199
0 4.17243 -47.5 8209
0 4.16016 -47.5 8220
0 4.17243 -47.5 8229
0 4.12948 -47.5 8240
0 4.14175 -47.5 8249
0 4.16629 -47.5 8258
0 4.12334 -47.5 8270
0 4.17243 -48.0 8279
0 4.14788 -47.5 8288
0 4.17243 -47.5 8299
0 4.16016 -48.0 8314
0 4.12948 -47.5 8323
0 4.20924 -47.5 8333
0 4.15402 -47.5 8345
0 4.19084 -48.0 8354
0 4.15402 -47.5 8364
0 4.13561 -47.5 8375
0 4.14788 -47.5 8385
0 4.11720 -47.5 8393
0 4.13561 -47.5 8403
0 4.12948 -47.5 8413
0 4.16629 -47.5 8423
0 4.14788 -47.5 8432
0 4.13561 -47.5 8444
0 4.13561 -47.5 8453
0 4.13561 -47.5 8466
0 4.16629 -47.5 8475
0 4.16016 -47.5 8485
0 4.14175 -47.5 8494
0 4.16016 -47.5 8503
0 4.16629 -47.5 8512
0 4.18470 -47.5 8522
0 4.13561 -47.5 8533
0 4.14788 -47.5 8542
0 4.14788 -47.5 8552
0 4.18470 -47.5 8561
0 4.14788 -47.5 8570
0 4.15402 -47.5 8580
0 4.17243 -47.5 8590
0 4.12948 -47.5 8599
0 4.16016 -47.5 8608
0 4.14175 -47.5 8620
0 4.17243 -47.5 8629
0 4.14788 -47.5 8640
0 4.14175 -47.5 8649
0 4.15402 -47.5 8658
0 4.17243 -47.5 8667
0 4.17856 -47.5 8678
0 4.17243 -47.5 8687
0 4.17243 -47.5 8697
0 4.17243 -47.5 8706
0 4.16629 -47.5 8715
0 4.14788 -47.5 8724
0 4.16016 -47.5 8734
0 4.14175 -47.5 8743
0 4.13561 -47.5 8755
0 4.16629 -47.5 8764
0 4.14788 -47.5 8773
0 4.14175 -47.5 8784
0 4.15402 -47.5 8793
0 4.12948 -47.5 8804
0 4.14788 -47.5 8812
0 4.19084 -47.5 8824
0 4.16016 -47.5 8833
0 4.12948 -47.5 8844
0 4.20924 -47.5 8859
0 4.17856 -48.0 8869
0 4.17243 -47.5 8879
0 4.18470 -47.5 8888
0 4.12948 -47.5 8897
0 4.11720 -47.5 8906
0 4.15402 -47.5 8922
0 4.12948 -47.5 8931
0 4.14788 -47.5 8940
0 4.14788 -47.5 8949
0 4.18470 -47.5 8959
0 4.11107 -47.5 8969
0 4.14788 -47.5 8978
0 4.17243 -48.0 8987
0 4.11107 -47.5 8996
0 4.14788 -47.5 9007
0 4.14175 -47.5 9016
0 4.17243 -47.5 9025
0 4.16016 -47.5 9034
0 4.17243 -47.5 9043
0 4.14788 -47.5 9052
0 4.15402 -47.5 9062
0 4.15402 -47.5 9071
0 4.16016 -47.5 9080
0 4.15402 -47.5 9090
0 4.11720 -47.5 9101
0 4.16629 -47.5 9110
0 4.18470 -47.5 9119
0 4.14788 -47.5 9130
0 4.12948 -47.5 9139
0 4.14788 -47.5 9148
0 4.16629 -47.5 9163
0 4.16016 -47.5 9172
0 4.17856 -47.5 9182
0 4.15402 -47.5 9191
0 4.17243 -47.5 9200
0 4.16016 -47.5 9209
0 4.17856 -47.5 9218
0 4.13561 -47.5 9228
0 4.17856 -47.5 9237
0 4.11107 -47.5 9246
0 4.14788 -47.5 9255
0 4.08039 -47.5 9264
0 4.16016 -47.5 9275
0 4.17856 -47.5 9284
0 4.19084 -47.5 9294
0 4.13561 -47.5 9306
0 4.15402 -47.5 9315
0 4.14788 -47.5 9325
0 4.12334 -48.0 9334
0 4.12948 -47.5 9344
0 4.14175 -47.5 9354
0 4.10493 -47.5 9365
0 4.14788 -47.5 9376
0 4.12334 -47.5 9385
0 4.12334 -47.5 9396
0 4.16629 -47.5 9406
0 4.10493 -47.5 9415
0 4.13561 -47.5 9426
0 4.08652 -47.5 9435
0 4.16016 -47.5 9444
0 4.10493 -47.5 9453
0 4.14788 -47.5 9464
0 4.12334 -47.5 9473
0 4.14175 -47.5 9482
0 4.15402 -47.5 9503
0 4.09880 -47.5 9514
0 4.16016 -47.5 9524
0 4.16629 -47.5 9533
0 4.14175 -47.5 9544
0 4.09266 -47.5 9553
0 4.15402 -47.5 9562
0 4.12334 -47.5 9571
0 4.14788 -47.5 9580
0 4.17856 -47.5 9590
0 4.14175 -47.5 9599
0 4.15402 -47.5 9610
0 4.11720 -47.5 9620
0 4.16016 -47.5 9630
0 4.12948 -47.5 9640
0 4.14788 -47.5 9650
0 4.13561 -47.5 9659
0 4.11107 -47.5 9668
0 4.11107 -47.5 9677
0 4.12334 -47.5 9687
0 4.11107 -47.5 9696
0 4.11720 -47.5 9708
0 4.15402 -48.0 9718
0 4.08039 -47.5 9727
0 4.09880 -47.5 9738
0 4.11720 -47.5 9748
0 4.12948 -48.0 9759
0 4.09266 -47.5 9768
0 4.14175 -47.5 9777
0 4.11107 -48.0 9790
0 4.15402 -47.5 9800
0 4.12334 -48.0 9809
0 4.10493 -47.5 9818
0 4.12334 -48.0 9827
0 4.17243 -48.0 9842
0 4.11107 -47.5 9851
0 4.12948 -48.0 9860
0 4.10493 -47.5 9869
0 4.14788 -47.5 9882
0 4.11720 -47.5 9891
